69423.09615384616, 132.5949193975318
70212.73809523812, 133.2906557804312
68564.83474576267, 261.73207099621374
69283.8962264152, 223.10715622869526
67381.13135593226, 265.0367341502333
71321.397260274, 134.9494703384564
41775.54705882353, 104.66873161665686
42202.65123456789, 104.82779320343333
43235.536082474224, 107.17345555801667
44101.977528089876, 107.85833389793014
41497.75694444444, 103.40561214628289
39087.60542168675, 101.34671523721006
43153.85000000001, 104.92903397516352
41819.344262295075, 102.97648054504715
42480.75409836066, 103.71832330668953
44370.65476190476, 106.16419404228206
64519.642156862756, 225.92534327990361
67705.71363636357, 238.73279152377305
64872.73529411772, 209.55709333325018
63569.53773584892, 215.92062794940296
69311.15196078428, 208.33764873304705
65032.92592592584, 223.8426147285615
61683.382653061286, 182.66230793346534
58110.61224489786, 177.92319346323444
58084.515957446725, 189.4497868242066
45005.38157894737, 106.7206001856557
43646.36818181819, 105.07836264348691
42398.72448979603, 210.18353460231808
41658.965686274576, 169.69736686739486
44009.24999999999, 105.47028255260057
44055.44758064517, 105.71707598721282
43825.29237288136, 105.44407213014479
43468.58333333333, 105.26965285202827
41511.952380952374, 102.7819353874007
42765.8188405797, 104.56690906714333
40264.45, 101.43345623351973
41378.68478260869, 103.20847410217593
69778.16176470596, 191.7115099216397
62892.799019607715, 222.08548576195025
69042.51415094348, 221.2736457590159
69331.28125, 233.45750597584262
73039.79245283021, 246.30552295778136
58778.168367347054, 182.6321643780131
66478.45918367337, 190.79596430686323
72782.09999999983, 258.3084936614585
70520.34210526323, 269.7383805806736
68343.75000000009, 255.61217737822545
71186.625, 307.9116380171081
69878.13559322027, 266.55691255643995
41963.05263157895, 103.10088531053565
40877.16176470596, 185.62552500800413
40305.60106382983, 171.542077321218
43265.570754716886, 196.8571237093074
0.0, 0.0
40317.9234693879, 182.39816480970123
41024.98039215685, 172.64617284275715
39573.17021276598, 157.026823269707
37941.26470588228, 194.93384797143779
67046.12745098028, 215.79717015684741
62864.95212765963, 193.73154665221813
32540.601063829814, 165.89310016520605
35524.289473684206, 95.0122489093003
41030.30000000001, 101.87765294393878
34245.549019607846, 93.05244845090397
40188.01851851863, 212.50649079754174
38168.77941176477, 205.21086159359692
38907.36637931035, 99.48298699565257
48723.00462962966, 186.43763996598503
44688.40816326534, 174.655513947741
72059.4999999998, 248.33418257693353
72137.9194915255, 281.63103029855887
66737.57446808524, 179.2427149338286
67217.6981132076, 221.64467111739862
66604.8235294117, 214.2948562326511
69029.24056603758, 229.11917176694786
65056.193396226445, 206.87260305634433
70964.90476190476, 133.99781462528412
68074.27118644054, 266.5387018574498
68799.64925373135, 132.0707830360687
66130.59745762711, 129.1594479112796
41504.20754716986, 187.60431713823556
43050.02941176477, 212.37491121183098
42217.70614035087, 103.40450513881115
40825.90566037748, 195.7077216829304
42813.125, 217.3228572633257
44556.29435483871, 106.30294243098392
40855.6785714285, 172.60327458451025
43050.877450980275, 197.95206998879536
40537.418367347054, 165.02642381387628
41247.955882353024, 214.020222054161
37679.60784313713, 195.54176380301948
38304.82075471699, 98.46056819004167
31593.89285714275, 162.26432536436903
31174.533018867925, 88.78469347975954
40636.54591836748, 165.6147262837603
35350.54591836748, 168.42027063710108
44071.41666666666, 176.59600871703813
35902.18085106385, 172.6698175676729
36898.45408163252, 161.66076658934625
36923.116666666654, 181.60392750327478
35758.35106382983, 170.72554149888992
38173.19148936172, 170.73143940837997
36722.09693877552, 165.92280426672846
37132.13775510214, 171.07312346009513
37881.154255319256, 172.80673461945423
37653.98529411772, 182.86194201855304
33969.81914893615, 169.15411487372248
38359.67857142847, 208.31697291448123
33704.61224489786, 161.8951226798026
36514.647058823415, 196.8594875298425
36216.36734693874, 216.84814756624044
70317.26333333332, 133.90758048842832
70524.14285714284, 133.60546096230973
68243.0, 131.54082213174917
73499.1838235294, 136.44384085767396
70700.60245901647, 326.56899761957413
68955.54999999999, 252.62455747827804
61162.94339622631, 233.02078103685162
0.0, 0.0
65499.50909090922, 279.35971366814607
67488.5595238097, 308.5495480930037
66007.20000000004, 254.45834866472933
70045.78278688538, 332.07094557878975
67300.4541666665, 301.74823025074625
49841.516666666656, 187.89909998345178
64400.429245283114, 203.34517060597736
66676.40625, 205.89963858399813
58686.30909090905, 199.3794863741476
47503.31914893626, 192.31917383922124
60560.69999999989, 243.1234072656351
57025.632653061286, 182.07335386802234
60544.45522388061, 124.0927241173432
49679.123076923075, 112.309640420057
43865.12735849052, 227.34208388976526
60557.54999999999, 123.72974664901616
72681.26190476191, 135.58879919170113
70560.75000000009, 245.81579832931064
55061.00980392147, 211.1353260770205
60590.236666666664, 124.4896291391315
54663.11734693874, 229.8727186052949
50263.419811320855, 185.60172370330366
39681.93478260869, 100.9037874863377
40003.404109589035, 101.50759218527445
38340.19117647059, 100.6539100600662
38514.58561643835, 99.84881744788707
38348.813432835814, 99.03679221186543
38453.40196078422, 211.09552968712126
38585.03448275862, 99.057063476464
39803.04044117646, 100.95472847973984
37047.84322033899, 97.07426101661132
39745.98305084747, 100.40688454125228
38622.109090909085, 98.91714844555054
36393.73461538461, 96.3934187734308
36324.0, 95.92762035980834
35124.37280701754, 94.43595087967188
34599.850000000006, 93.66971380844515
33864.52941176477, 203.08009224326904
34735.0307017544, 93.92381040863361
33958.457627118645, 92.92796702093963
63208.18627450973, 224.3967553321202
64165.31355932212, 260.97758173562517
54954.80092592584, 210.85780386855706
49332.438775510214, 177.35434836733174
54912.02127659578, 186.46067726675713
63880.926470588296, 199.9848918339509
54996.352941176585, 209.09302403532536
55868.1273584905, 224.6258657096158
39585.982394366205, 100.94620662706174
37413.04716981147, 209.4808590784132
34358.095744680744, 174.4649151992104
38835.99074074077, 221.38363354610124
35185.083333333445, 165.79784723691964
35561.36224489786, 170.11579772722413
67631.75724637683, 130.9543324225844
68243.26086956522, 131.6133899037647
67690.48148148137, 222.37737210170278
0.0, 0.0
66204.9362745097, 213.57335981385248
61978.154255319256, 188.76231338453707
66231.90196078428, 202.87387513834153
63504.66176470596, 194.2809368725663
59540.65306122448, 173.38981505790937
63298.91509433965, 242.10653712032308
63382.00490196087, 213.0538077442736
0.0, 0.0
42511.30851063828, 174.71665537654323
68451.21610169468, 276.4336682338978
69744.33076923052, 316.4475750050849
69543.5238095238, 132.68819486946452
71051.1604477612, 134.11522776128078
75420.95000000003, 138.11702902789693
64294.30660377351, 203.80757754757695
67463.10784313713, 215.94906967663192
66738.5, 237.02941476102987
62204.95000000001, 230.04188884031723
64797.75, 224.75320549605723
69694.94067796608, 278.04721452076245
66581.15677966102, 129.57765304784084
69174.67692307693, 132.49835148525275
70217.08333333333, 134.67054657358705
40075.82916666666, 100.93655226374929
37597.1186440678, 97.65406330580394
39033.34745762711, 99.51811391720139
38468.5720338983, 98.80375151379158
41143.54999999999, 102.30063704550224
41400.49999999999, 102.60646664054796
41622.88461538461, 103.13308214179678
39070.09322033899, 99.52205590061409
40431.08898305085, 101.33525243899807
39850.88596491229, 100.51657931611192
40459.326271186445, 101.37954842770895
37986.67105263157, 98.16848333925492
38359.83474576271, 98.66621874361174
35608.85087719298, 95.07566321599288
36533.081967213104, 96.49020706431853
35131.79508196722, 94.66231506395442
33892.340909090904, 92.834615478866
34541.2076923077, 93.95949687085528
34400.368644067785, 93.73001584618181
34159.20238095238, 93.36539574732296
39851.59433962281, 226.6327243267674
41838.89814814829, 216.64872431960237
36240.24468085118, 175.31325227355742
35677.39285714277, 143.6658027622248
36090.02941176455, 189.0696766471152
33387.49468085118, 167.7006879141793
38790.899999999965, 177.32898778556375
39003.724489795946, 163.47243176277843
39976.30612244893, 162.4585290253398
39860.27941176477, 215.03362783368075
38840.43137254916, 199.54347478614278
68628.32142857113, 308.8936514096914
67262.14344262308, 317.74787196236804
67940.40000000014, 244.06199667902212
69143.09745762736, 277.759159839201
68923.64492753621, 132.19242966753362
69329.56355932202, 276.42786355142596
68577.58482142871, 213.7284806816025
68521.93137254915, 216.47885039060543
71352.21938775522, 208.05407639177915
0.0, 0.0
40898.58333333333, 103.48249207740722
39969.176966292136, 102.70381943693177
71066.63135593226, 253.15008003513984
69094.10000000008, 234.61417540544224
71364.21052631568, 274.945081627567
66438.61016949172, 265.00903458248877
64906.94999999981, 253.5728993506642
37928.68867924528, 98.00046191404715
36832.25, 96.48665998584998
37938.42553191491, 198.5637994240755
35592.790816326626, 152.51943972392863
27297.16666666666, 83.20136376112357
66477.48245614054, 248.81843138241706
0.0, 0.0
65844.92346938775, 233.91694415824938
25692.433962264142, 80.79378766006839
67115.6403508773, 271.40804412743796
53899.04999999999, 116.81424209531853
65481.18518518527, 231.82294292974927
69969.58962264139, 212.0462786279941
62648.22872340422, 187.9693318747252
64533.46808510632, 186.8446442628492
59088.99489795914, 179.53463768482317
67040.4234693876, 188.31467487380985
68406.22058823545, 216.85191806453454
66666.08333333344, 214.49179668774784
68167.89705882341, 216.0222896753642
61435.90686274496, 226.5374181725367
63503.938775510214, 188.71799699222376
65955.58490566035, 234.1700537604824
66236.70000000001, 251.14034436522218
65881.48134328357, 129.2137705449778
64786.74999999988, 229.3348529565731
53284.44915254239, 116.05646595791234
40103.50384615385, 101.09360929261335
38831.601694915254, 99.26586846941997
72242.47641509444, 228.81336390903795
67353.42452830197, 230.7656810940416
71721.70588235302, 232.60468014811258
70121.02777777775, 223.75868197238563
70883.024509804, 219.5271984526548
73500.17272727267, 271.20089399575716
72390.84313725504, 227.1414440010242
66672.89999999997, 199.27912729318237
67736.70754716986, 210.57430569641386
65815.53301886788, 207.3980263909873
64665.66666666672, 188.0186874649698
66719.06382978713, 215.20931409075064
67202.8367346938, 189.08686741330416
66627.66509433946, 234.15983782029173
68425.19067796587, 266.68153783560786
47635.11160714293, 210.28972447536518
33327.83898305085, 92.17481930886431
28099.61016949172, 247.7083178886455
67428.78278688525, 130.51986050748366
52499.55092592604, 231.48584338452739
49550.56355932202, 111.95822906243714
39363.59433962265, 99.81245310233962
38284.13425925923, 223.2472546004155
39682.36016949153, 100.30046463333305
70157.19607843144, 194.4824924143869
70432.55882352954, 223.1373675743059
71771.08823529398, 215.33558830999107
