144747.46923076926, 190.91536172267703
144563.0, 190.6880419476593
143551.4194915255, 310.82718575554253
144352.4948979593, 272.18390512355217
141451.13135593227, 297.8798440337143
146219.39084507036, 192.2477226138479
86925.00555555557, 149.16616542668922
87593.66176470587, 149.62853317409375
89126.17525773199, 151.5211468727488
87734.78370786516, 149.99301839041365
84139.69000000002, 146.18184039977285
79941.77710843374, 143.15239920392548
89333.38636363637, 150.22308379986302
87954.51293103446, 148.82868328967993
91985.51315789475, 152.1241084666827
93460.31557377048, 153.4381794309677
152643.7636363636, 301.91009858641934
149157.1181818182, 299.12843688629584
144299.68137254898, 262.5918197725164
145295.8301886793, 274.0483122822361
147480.18867924536, 246.97747591075034
144286.03508771936, 272.10873023191454
0.0, 0.0
138656.7925531915, 245.56465651939516
131372.91176470584, 240.42968483715887
91736.86403508772, 151.8949760348718
90999.49590163934, 151.28653042925197
91687.53921568624, 232.1535904420629
92111.03431372551, 211.78205982972233
92339.92543859649, 152.39015689339814
89367.54661016949, 149.95990148567037
90649.46250000002, 151.10409542862863
90040.76923076922, 150.7869190691482
88122.88846153847, 149.08008055874194
85389.74264705883, 146.93574463440345
83481.95000000001, 145.2341838550202
85196.57191780824, 146.97648699110906
145706.725490196, 244.3665003258629
137600.87735849057, 260.9299019988718
151855.76388888893, 266.5423801783766
144818.72169811337, 278.78982451173846
150974.8201754387, 287.7909402415526
122755.26020408171, 222.10731630818674
132477.2340425533, 233.69310261663216
150461.95454545476, 304.519204543085
148872.54824561405, 303.8636608634058
146923.4824561405, 306.9540932382715
146030.13709677447, 322.1933141654915
143326.0, 299.0292749459541
88588.44545454546, 149.2583485366856
84810.19117647057, 224.60141365847807
83429.0765306124, 196.5736817533169
86483.89285714277, 203.22490078894984
0.0, 0.0
84421.9607843137, 216.60906348980475
84150.70588235285, 201.45792081505513
81499.87755102043, 184.24243923993848
78904.10784313724, 231.48149079797966
140820.87254901972, 254.9421823017325
0.0, 0.0
74219.88775510197, 207.62209402916096
74298.40254237289, 136.8831365627945
83504.09999999998, 144.90503719523372
73494.08796296296, 135.9519561571652
83022.30000000019, 263.2321374790792
78408.30882352954, 228.38887400121357
78617.79237288135, 140.7703821692487
101782.30555555553, 219.1283363445109
95668.25490196087, 231.43764240287342
148702.6999999998, 284.2871677553249
146587.91949152556, 307.665173259724
143468.22959183663, 235.39951264687886
138483.0235849055, 263.9083038029351
141620.40196078428, 254.29059863987558
142385.0555555555, 274.0384911919576
143666.95408163278, 258.80460194535203
143475.95, 189.97651602918577
137935.09210526323, 303.9476134334687
138592.9411764706, 186.79085998427843
134762.40476190476, 184.03306753145242
86489.52040816324, 236.92784557398795
86821.6960784312, 236.72518838535538
86717.06818181818, 147.73459718490426
86385.36792452843, 240.3307257286291
86466.71759259241, 241.09639863382802
89281.04310344829, 149.9383561437606
87774.46938775509, 203.75320162106567
89163.13265306126, 242.63543215472515
88479.05392156856, 219.85762167549987
83373.28773584892, 231.68522961872742
82492.35714285729, 240.23807626035486
78507.641509434, 140.50152457102234
66953.85454545463, 202.5173099644531
66163.88235294117, 128.95758696190006
87266.43617021263, 201.47227675352167
75082.2500000001, 208.75891881223023
102978.06122448982, 206.72156662267466
77236.82446808509, 219.1022933793043
88884.60784313713, 219.42974199759374
85393.80612244896, 203.35703099968316
86490.5392156863, 223.87103317613773
89418.09433962252, 218.94790456376802
84295.43367346932, 198.5484297995252
87196.47058823545, 229.01373317429866
81588.60294117636, 210.28412157214356
79866.06632653045, 225.56529273577624
81963.81862745085, 221.05833945704543
80369.10377358497, 243.39003277331588
79296.39705882344, 205.95421854598376
75185.83333333344, 220.0351725872242
74148.12946428556, 234.8372735644763
148319.28797468357, 193.5136406004453
147707.69262295082, 192.73426754465316
143708.6702898551, 190.2024507178263
149447.34420289853, 193.91711828499308
147727.92164179077, 346.9288974168079
145605.1745283019, 305.64905429958196
133218.1999999999, 273.4809031182365
0.0, 0.0
137487.9110169494, 307.06624850335913
142969.68650793645, 348.2617192569127
144524.686440678, 331.9544246551066
146580.67307692315, 359.3476480939498
138948.34523809527, 329.37009761625166
109721.43367346932, 216.03949648528538
145101.12264150952, 272.23244727486104
142198.68303571444, 255.90794196046042
136473.2324561405, 298.9127180098698
108323.01470588242, 219.95235252409992
128257.56132075464, 281.8264791447963
125650.9362745097, 245.72029777551157
128108.1847826087, 179.71562914814976
105552.04615384617, 163.05115278205744
96736.09999999998, 265.9544694610388
122964.81557377048, 175.83754478642493
148997.69262295082, 193.55451215516274
146402.90000000002, 281.7221168511951
114073.47448979603, 248.80532845569164
125421.77531645566, 178.0824308661684
116145.94196428586, 247.94354046952074
106391.59722222206, 231.76877319334793
79989.79104477612, 142.30432071718383
81748.29934210527, 144.0974111639019
77600.72527472528, 141.31574128104873
78487.10714285714, 141.2900389235016
77602.40000000002, 140.0773654513102
80380.81481481473, 243.72401480750693
81347.30952380953, 143.24388155817758
80030.4565217391, 142.29787688279313
78988.66393442621, 141.15467675984812
80917.34649122806, 142.7388402782626
79660.15789473685, 141.6054438210318
75110.72826086954, 137.74938815923647
75105.55000000002, 137.46809689852964
74608.37704918033, 137.11726422081313
75572.41818181818, 137.96377118887966
73690.16818181834, 237.91559458463823
71144.6779661017, 133.88055710564103
68996.12711864404, 131.8593175796281
135566.40094339638, 256.62142005085866
136574.0526315791, 310.8739852944149
120198.61403508758, 284.0599455409313
117822.59183673478, 259.23795711986816
127753.64622641524, 243.70792018361854
133106.14215686274, 248.58782799821952
119009.12254901972, 244.36666203498083
118327.19444444447, 254.385834268396
78022.77173913043, 140.7100306034803
76558.4120370369, 228.87349448341655
77476.84313725485, 224.00824849802476
78761.54716981118, 245.9590810520686
70978.61734693871, 183.01110235281894
74313.65957446804, 200.94010741322566
138292.48550724634, 186.58558506531003
143327.13356164383, 190.06580353006512
146473.37272727268, 275.37950442710525
0.0, 0.0
143224.50943396226, 250.38183239018917
137722.36224489793, 230.08713552305827
142178.5392156863, 245.22983863812118
140493.3921568629, 248.01205580337842
137823.90094339606, 249.35870472567004
136104.8500000001, 276.9339116378456
133076.67452830198, 261.6475894898558
0.0, 0.0
87993.76530612257, 200.72780412078214
144607.75, 307.7006260779194
148547.46268656713, 397.94253408982104
145853.94999999995, 191.55039920226494
146512.7884615385, 191.98026031833112
152319.28278688528, 195.6856768009582
142133.1323529413, 261.144381726095
136567.35849056602, 263.79885361219146
142079.98584905677, 279.1990004521878
132906.50000000003, 265.6497780658728
140204.47222222213, 261.13101194198515
143273.34322033872, 309.3417059894482
137756.62711864407, 185.96830868145724
140659.88356164383, 188.26284253159392
138096.4798850575, 187.29998598455336
82034.18951612904, 143.7696582949206
81298.07456140351, 143.07184577315417
82596.28508771931, 144.20333119136916
81894.69491525422, 143.59214499873397
83032.64285714284, 144.6974178815712
84427.0, 145.89234961845608
84984.69230769231, 146.5495616750813
83485.58050847457, 144.9707160165349
84715.36693548386, 146.08177430025742
81496.75438596492, 143.2302969109787
82968.0474137931, 144.58560365995095
79020.33771929824, 141.0509478518754
77906.32203389831, 140.07723982584426
77683.76694915254, 139.8789051368602
76710.8423076923, 139.17898316327512
73671.74590163934, 136.36677753403032
70423.77118644066, 133.24823886304074
72145.51694915254, 134.98689838800541
70781.55737704919, 133.74823865891904
71265.3531746032, 134.17021269919067
87253.34722222206, 236.74139280266883
87932.09999999995, 255.4996981731017
85887.03061224491, 203.47129597206214
79896.18877551018, 178.02308154608335
74587.5235849058, 219.11371835247803
81077.76470588228, 219.45108843840592
81831.68367346932, 196.92071711278228
84375.88297872338, 215.654359737517
81460.15306122448, 191.72968557578062
82420.3726415095, 238.7265254843494
81868.83490566045, 237.33468996870047
138508.0, 335.94550550916114
139092.8770491805, 355.9099136110339
139879.14622641527, 284.31540067169055
141042.24576271197, 297.81004467189706
143863.55769230772, 190.34337411852493
144012.21666666638, 336.95863301726285
144382.99999999988, 280.23293210251836
147356.25, 263.6432147345326
151127.024509804, 257.11195450395144
0.0, 0.0
84311.04310344826, 146.8662575541175
83163.75862068965, 146.18776650161973
148015.8686440679, 317.6808881799717
151690.03813559306, 293.37918060853224
147146.68181818168, 326.0276287035115
146020.54545454524, 325.08590514090935
136968.20000000016, 286.86892011786216
82529.36842105264, 144.11906357850845
83196.17105263159, 144.64052606803077
81463.32843137257, 225.89527653365423
81727.79411764715, 206.0464693417966
55690.42129629631, 118.42576381475479
143427.9254385963, 284.86385463613743
147035.29237288126, 317.6392861635238
139516.10000000015, 286.2191504402285
54230.38181818181, 116.93836605284093
145158.67796610156, 314.68343760389206
113413.16666666666, 168.89279586765585
140382.05, 281.8774020288808
146058.34313725485, 257.26835690910343
144760.99509803913, 252.7915401793785
145264.84905660362, 255.74884849073524
145755.53301886775, 256.6423037940445
144431.6715686274, 254.4950203647904
141189.1470588235, 266.10381160892086
139051.42156862753, 263.7771871478777
140332.68396226413, 260.06763579641085
137351.3039215688, 265.14707744366143
133665.10714285725, 230.54804346367797
137086.2000000001, 279.4708010615967
136062.5, 305.95015678297005
128532.76923076919, 179.86273115250145
130680.65094339615, 253.93850434275313
111716.91532258067, 167.61139196747882
81371.45491803277, 143.30731569032594
84776.90573770492, 146.19293030032281
148611.07075471684, 277.6162199167005
147316.55000000005, 292.0641307031343
149997.6367924529, 266.39487377509
146846.02631578952, 260.87615284645204
150964.96078431376, 271.86860511384236
152041.4318181819, 305.2322407603454
151407.64215686274, 267.0883901967637
143786.3469387756, 235.2768357845693
141689.24019607852, 265.669481904103
136824.0147058823, 250.77427533542163
130805.80612244896, 221.03183364430765
141225.59803921572, 256.200560804555
142000.55612244896, 233.33676832263265
140861.5438596492, 261.0935954006419
140415.22881355946, 298.48420096538746
98523.4953703703, 243.68048402250264
68937.4051724138, 131.9040377358123
0.0, 0.0
134934.82142857145, 184.15157292829414
102416.20588235302, 248.08685569422806
97286.87280701756, 156.39830741430066
79294.19811320756, 141.22730925338684
79674.75892857129, 228.1471680538689
81067.41949152542, 142.87991054060313
147276.46226415108, 243.10847450160324
148327.7735849055, 263.35734396928797
146957.07352941175, 265.49846574880814
