32256.4, 91.02620070427145
32248.26190476191, 91.01272743142019
32693.236842105485, 264.30406133127286
32682.901960784282, 194.20269331595068
33115.7711864405, 260.9798229900494
32653.62671232876, 92.44128043089763
19234.164705882344, 72.80187049018878
19582.283132530123, 73.22539093202522
24109.674698795185, 80.84524499328943
19300.635294117645, 73.28786766687969
18533.829710144924, 70.28389480587094
18014.88218390804, 70.8164902972557
19412.931818181816, 71.32300537746272
19784.597457627115, 71.38296405501346
19739.59999999999, 71.10696214599584
20779.661016949147, 73.19197744232251
33543.721698113244, 188.69659627537712
32800.39351851863, 203.55937698668757
32269.295918367465, 161.65251140822804
33393.97169811305, 197.72286645979258
33441.01470588228, 185.602680605541
32546.46759259277, 204.93423483024094
32139.31914893615, 166.00449477576447
31589.38297872348, 162.8739915658003
29892.02040816318, 164.7133646090669
21241.931818181813, 73.81398110479465
20875.231132075474, 73.1355757699006
20774.534313725504, 190.19630616283007
20593.90686274515, 153.42269883745925
20585.353773584906, 72.49809286839921
20003.627118644064, 71.85660036884379
19612.602459016398, 70.99959366892573
19913.471311475412, 71.92228849401462
19655.840163934427, 71.41605110071744
19556.96323529411, 71.63945091870637
19784.492307692308, 72.17730915001378
19924.698630136987, 72.69345708518819
32422.30319148944, 156.95382902752993
32192.754901960736, 204.1612954261808
32820.351063829825, 190.7526689121954
33974.95535714293, 201.08297442982186
33640.083333333474, 208.5267048751725
32653.72549019599, 191.86086214880785
34168.75510204084, 189.22964435160645
33516.50000000016, 238.63229061582823
32307.740566037915, 220.3120170558245
31999.200000000128, 237.19143850648393
31281.509090909236, 250.77179530936522
31879.021186440543, 248.20814364552388
20571.258771929824, 72.67757574124373
18872.797872340372, 159.57548919438509
19461.78571428575, 150.5531825696684
20354.106382978633, 162.77998728458354
19925.633333333244, 153.93057746376323
19388.771276595777, 152.19179620781773
18442.99468085118, 135.9517785636096
18975.92553191478, 139.6648979185014
17511.581818181836, 169.9179684062535
30917.462765957516, 169.91519453417266
30530.43085106385, 171.63286180300568
16798.41326530618, 148.42804131285354
17530.190677966108, 67.29666930513966
18899.004545454547, 69.55710009659914
16633.566037735854, 65.26692618552539
18276.063725490272, 202.29459973174443
17976.729591836756, 199.49771194204723
17524.864406779663, 67.402701833581
23501.64150943399, 171.24998002180266
21767.8999999999, 168.495491809741
34118.09433962255, 222.66975986590947
33495.90254237265, 257.73986323511383
33518.29255319155, 154.36291021956717
31955.862244898017, 214.1628947091411
32270.985294117774, 179.79695526854027
32132.481132075492, 208.0391539082087
32520.480392156856, 179.68283387382053
31769.53571428571, 90.3141125874252
31141.131818181664, 264.6822565947048
29989.100000000006, 87.86296762585656
30232.93859649122, 87.77143030102756
20208.59313725504, 192.11141765669493
20005.455882352846, 184.18017410851894
19686.54918032787, 71.1308724116207
20032.5, 181.9623768081862
19985.87053571418, 184.807421851665
20082.84745762712, 71.87460085448892
20337.792553191553, 162.41432459147987
19505.143617021367, 158.22291709884968
19668.09183673468, 148.39131894680793
19009.205882352846, 186.13301796869163
18640.542452830134, 177.01404648066443
17740.382075471687, 67.38225830828213
14955.712765957516, 154.22313941117804
15101.338235294119, 62.10007794830966
20671.53571428575, 149.81148498064292
16928.80319148944, 159.58874478406304
24050.954081632535, 151.69984391901932
17540.41326530618, 153.47356517297706
19750.81382978733, 152.74320394842454
19816.299999999967, 169.4355812263751
19346.90816326532, 153.04945540706183
19562.60714285725, 151.40480944253846
19454.12755102043, 152.37408146134803
19235.219387755107, 157.4742463035801
18912.32352941162, 169.00315016323083
18245.44117647057, 169.08443878588898
17909.015306122572, 151.6085198501148
17905.289215686287, 175.34547424467235
17672.75, 149.01601282753967
17061.764705882277, 184.1012069798647
16824.61792452815, 177.50354062081112
33332.22, 93.23809586792305
32968.71538461539, 91.87079544772419
32232.719230769217, 91.10982074340272
33413.90384615384, 92.66984248138877
33055.241803278695, 299.55436007531546
31962.481132075434, 220.78488449212793
29541.65178571418, 187.87373959668145
-6834.50000000012, 217.51561876208407
30815.64035087729, 255.1494432490509
30896.62288135595, 260.3561491966104
30782.719298245564, 216.47845546905992
-12805.305084745902, 268.34487927312995
30411.432203389875, 253.29811995572402
25405.111702127702, 165.19733862036443
32712.72641509437, 182.86751883792405
32232.919811320935, 191.86234778311885
28190.664893617144, 166.6232270228422
25055.1785714285, 151.79148768939723
28656.7767857144, 203.9395224788206
28634.638297872298, 166.47893348488896
28342.6268115942, 85.64692696677197
23758.607142857138, 78.4449229164123
21258.93396226422, 214.57507787063005
27494.241666666672, 83.92415068543416
32913.18846153846, 91.77217849128657
32296.768867924566, 213.3231226265662
25753.49528301884, 186.97105925723469
27841.860389610396, 85.50229175427651
26706.3039215688, 206.95935683221845
23731.75, 171.99672626580514
17948.546153846157, 68.90759321960405
18291.083333333332, 69.99891862054285
17199.188202247195, 69.6703625557003
17201.674342105267, 67.95256069606961
17306.902985074626, 67.25923322946056
18263.842592592446, 209.49795424508946
18291.7125, 68.90009198839567
17628.85, 68.0317065420113
17547.75, 67.56138035671397
17994.87704918033, 68.0864433404621
17560.509090909087, 67.22507863892338
16634.25819672131, 65.90800176991267
17147.05, 66.39183732716361
16412.594339622636, 64.99390389567478
16620.136792452828, 65.35270319862269
16412.112745097995, 178.0643173600395
15641.285087719296, 63.62596431587277
15270.22033898305, 62.89231596253537
30431.44897959183, 183.7111929925085
31387.609090908954, 247.11529524609162
26305.09433962247, 189.7784509572795
26429.316666666622, 171.21486643601162
28061.137755102143, 162.38715435872913
29785.33510638304, 175.8286491522988
26282.188775510214, 161.6107755603094
26686.179245282972, 200.84772749373417
17401.565217391304, 67.91139219342728
18122.88235294128, 197.3720855941078
17661.081632652953, 179.1468961253883
17814.642156862872, 184.05169943319183
16431.202127659628, 145.7298848452019
18076.632653061286, 156.75729862377497
30761.088235294115, 89.05839616677342
31986.192307692305, 90.8730194108743
32394.073529411744, 204.41237925830274
32333.704545454428, 186.0469099590735
31713.57446808522, 168.95113564679735
31722.316666666622, 172.96997529325844
30961.78571428575, 154.23447308023793
30706.188775510214, 157.7779717815654
30427.537234042484, 155.30678748512304
30310.15277777794, 207.31309180115514
29891.83333333344, 192.4254193411606
27833.474489795964, 162.3492144106875
20731.69897959193, 153.24481073664677
31892.77966101706, 246.85856853587856
32416.565573770687, 319.6395706964428
32231.938461538462, 90.86715915087893
32298.946153846162, 90.94164898039433
34048.20491803279, 93.30128878908343
32518.813725490298, 188.8378760593402
32220.710784313713, 194.51484863330117
32220.824074073957, 214.73389893950568
30558.550000000192, 212.20737654660567
31652.318627451008, 205.51829573776152
32128.203389830407, 248.0240794342159
31267.56140350878, 89.23000708934951
30946.105072463768, 89.32215098068447
31341.176966292132, 91.65567917961826
19035.053278688527, 70.25692428433214
18090.754098360652, 68.26221733830073
18626.725409836065, 69.23973775972789
18717.772727272724, 69.45861470636034
18501.232758620692, 69.19984094038207
18367.199152542376, 68.85858243911201
18782.099999999995, 70.15793356407612
19089.11363636364, 70.12453785141702
18482.045454545456, 69.03312396775775
18257.5, 68.47389147268838
18612.783898305086, 69.39902617909799
17875.309090909097, 67.8315425349532
17434.509090909094, 67.0499911778578
17089.42105263158, 66.40437777192427
16972.504166666666, 66.42456349391591
16286.729166666668, 65.1280187428671
15697.33898305085, 63.79264720444075
16134.869047619046, 64.89070178481307
15873.686507936507, 64.44863125239395
15694.145833333332, 63.97539817532048
19689.589622641503, 201.20222761159468
19626.986111110935, 203.43904133080147
19766.56666666679, 169.12841845809206
17989.643617021367, 131.31589351104452
16410.025510204036, 146.7337118223337
18109.75, 155.91729312926498
19187.80851063826, 157.24560769831743
18849.28571428575, 147.269051654006
19095.489795918285, 145.51921149676897
18877.151960784224, 202.4866570535003
18805.700980392303, 186.57730484960723
30663.576612903264, 273.07823217450766
31426.309523809698, 294.47638495886065
31593.399999999896, 224.70234339709648
32177.398305084796, 248.00882597958542
30899.113970588227, 89.26867269004296
32364.81578947363, 267.3215710211782
33110.08796296311, 197.4690238473736
33651.36320754702, 189.57792903086843
33508.26530612257, 163.88124801728597
17666.423076923078, 70.91828692486654
17520.645833333332, 69.30802439759704
17547.21978021978, 70.5897707143689
31935.957547169826, 210.74731800077475
33174.76886792455, 214.8757129803113
32738.714912280553, 256.8228362498562
33017.73636363617, 264.6994228757597
30787.560185185288, 219.5620406122619
18543.25, 69.09378369890193
18468.550925925923, 68.69371565301412
17957.264705882226, 172.91579053017546
18577.57352941172, 151.32389583174094
13239.108490566041, 58.517084230607274
32652.049999999952, 238.4699245170526
32748.99999999979, 279.66274577388685
31375.151960784224, 207.72538532571417
11798.939814814821, 55.26609830885569
33423.39406779634, 266.7205866918702
26202.94672131147, 82.0341513218724
32767.462962963113, 200.75809974787123
31874.933673469357, 165.32048877486844
33280.93333333329, 172.61570422359998
32176.21428571425, 159.14232817979823
32864.91666666672, 170.16338624049715
32120.62755102043, 163.53139881861787
31532.398936170175, 192.63397482026687
32271.18137254916, 193.45227725421245
31914.210784313713, 193.949680552538
31452.419811320935, 209.69637296734777
30707.816326530643, 165.61528983389232
30517.207547169826, 214.43290586861315
30661.358490566196, 240.3985005461758
29226.261904761912, 86.74623975393924
30490.12037037018, 195.67131192304575
24556.45175438596, 79.24059853859774
18361.352459016394, 69.17047687763929
18044.5, 68.24281722619047
33671.94339622646, 206.68573804984956
32077.90686274496, 210.54172300656563
33440.16509433973, 191.1943213733865
33455.75, 193.12324229533436
34601.51063829796, 196.01653247306353
34383.99999999992, 239.08410973362766
33792.85784313713, 191.4773120784899
33361.224489795946, 166.62226254755635
33245.5, 194.7872526147339
31479.901960784282, 191.2428253996914
31130.795918367465, 154.7694258393646
31886.352040816393, 166.60432028194575
32771.25531914882, 169.73652161363037
31402.89814814831, 205.12515034976076
31854.50438596487, 256.6817242609563
21862.563725490272, 203.6261456973002
15293.254385964912, 62.95198952916902
-8635.17727272705, 231.00937141301355
30031.537500000006, 87.62453790600033
23535.426470588256, 204.58358944712015
21946.6906779661, 75.00321130896276
17845.649999999994, 67.69801031647563
18176.365740740686, 197.81599618677677
18660.669491525427, 69.31661736421215
32823.07352941162, 158.17564672280534
33119.147959183785, 207.7843516115959
32585.090425531926, 168.25151527858964
