-313035.0, 72982.38324873097, 148.37533246945156, 32477.861675126907, 108.5279198677064, 147900.46319796954, 204.36065996605265
-311479.0, 72334.21446700508, 143.75418232889197, 32664.2461928934, 104.21799940607934, 146940.394035533, 199.0769398890023
-309932.0, 73038.51269035533, 138.23131224345826, 32616.678934010153, 95.1277524517767, 146319.51395939084, 193.92881452639614
-197362.0, 72519.73350253806, 136.65618286840055, 33086.110406091364, 93.75156955514223, 147416.03236040607, 193.97007851127557
-195904.0, 73900.35152284263, 139.7219908568309, 32827.889593908636, 96.2140610285667, 146832.56281725888, 194.59482270867557
-194601.0, 74758.18274111675, 152.6563622183345, 33524.31662436548, 114.46029749188753, 152259.92131979697, 207.95170690086601
-172522.0, 0.0, 0.0, 16229.78236040609, 250.7724123077315, 0.0, 0.0
-171099.0, 44098.24302030457, 201.39943546946412, 19683.664340101524, 180.23118962938295, 91332.85786802032, 244.3354843788506
-169590.0, 5851.956852791878, 132.86717353058754, 2424.343274111675, 101.84090616460189, 13565.911802030454, 226.0929847362613
-164155.0, 44033.97081218274, 150.13735045573344, 20019.52347715736, 137.01938530644367, 90179.43781725888, 196.10461704839653
-162800.0, 45712.34961928934, 179.4774579406046, 25352.623730964468, 470.39421531030115, 91716.50888324872, 207.6181896326808
-161175.0, 45041.493654822334, 146.35166847249585, 19978.678934010153, 119.84349040450539, 90983.61802030457, 182.6788810090503
-159536.0, 43354.7043147208, 121.02858813617372, 19293.529822335026, 94.52041975256485, 86267.53489847714, 159.77069645630158
-152848.0, 41424.82804568527, 149.95747335696404, 18332.220177664974, 127.07026180640548, 82563.84137055838, 177.6879132657551
0.0, 44432.00317258884, 159.39895860898093, 19841.487309644668, 138.93448580206748, 91297.5907360406, 191.13695389778803
1763.0, 43953.743654822334, 128.71614968372023, 20023.344543147206, 103.36619311100978, 91202.4790609137, 170.89733376122035
3437.0, 42975.88832487309, 125.74538967949488, 20301.86611675127, 93.73322600949503, 91026.08185279189, 166.80192824885705
4981.0, 44376.400380710664, 130.3221072126446, 20634.28236040609, 102.58936931891343, 93760.70939086295, 178.59424968173596
30840.0, 65540.64149746193, 142.60775110935896, 33752.04187817259, 107.47453575504186, 153829.54568527918, 211.73754338191858
32234.0, 71099.44035532995, 146.79871973308096, 33168.534263959395, 111.16247493832796, 153926.57931472082, 213.35909167448386
33694.0, 65770.60152284264, 138.92507272516866, 33099.72271573603, 106.6411536255898, 150675.7315989848, 202.86009995858473
35217.0, 73040.65101522842, 147.35025729827964, 33364.743020304566, 109.46857764144305, 148958.71827411168, 202.04181286508575
36695.0, 73250.84010152283, 145.5103682526452, 33734.144670050766, 106.2470499087124, 151008.9714467005, 202.07181882104697
38116.0, 66248.45304568527, 141.49834054018032, 33009.600253807104, 108.89271350898011, 149274.09327411168, 204.79924383801193
40831.0, 62575.45050761421, 131.2998188687984, 32548.21065989848, 98.43425746978438, 0.0, 0.0
43713.0, 66677.6002538071, 135.2825414067321, 32009.96700507614, 97.26669571378665, 145245.50063451775, 196.18009543757586
50593.0, 65935.18908629441, 129.5374993713101, 30036.569796954318, 88.41981354713472, 135460.41497461929, 185.130849325004
172395.0, 44796.5983502538, 153.30991201393746, 20974.546319796955, 133.94063791266717, 91493.9676395939, 193.4076750339092
173906.0, 44410.678299492385, 150.68235866646583, 20940.86104060914, 130.6387642820655, 90753.39911167513, 188.72553336953112
175349.0, 44549.17068527918, 132.78487018116067, 21080.730964467002, 107.54199637736814, 92499.05012690357, 171.01636179643194
177431.0, 37393.33248730964, 121.42454018478874, 20755.7480964467, 102.32996106433895, 92838.6706852792, 171.4327768340379
178952.0, 44643.383248730956, 144.3587683117642, 20694.986675126904, 114.08726082935807, 93255.59517766499, 185.43560422737647
180495.0, 45293.38388324873, 167.6478916148796, 20595.55456852792, 147.78855729694732, 91629.14403553298, 192.61892930813465
181962.0, 45382.762055837564, 167.85319058840994, 19636.043781725886, 126.96003118005797, 90516.77918781724, 191.05722081098966
182109.0, 44351.99111675126, 174.88878354391522, 20167.337563451776, 136.2746032708619, 92294.27918781726, 208.84400544931657
184059.0, 45577.80012690356, 205.5965294969008, 20240.51776649746, 174.5332901996718, 91908.42956852792, 235.6209863264871
185481.0, 42721.40609137056, 181.17720237870788, 20408.746827411167, 168.64892885180424, 89907.95558375635, 217.41177063245487
187337.0, 44534.34137055838, 224.36713729991197, 19745.61104060914, 203.74393234449408, 87975.68020304569, 240.7537107323192
189705.0, 41218.63324873097, 201.36568677028782, 19680.199238578676, 214.83162856945412, 86047.96890862944, 222.75761009897198
191380.0, 42805.010786802035, 242.19068954429346, 20069.531725888322, 222.3190856055429, 87954.8388324873, 270.7351675150104
314917.0, 56996.563451776645, 158.60171531951733, 32186.707487309646, 138.49964303505678, 139924.25824873097, 216.16106110752187
316244.0, 69996.3769035533, 184.47197746775814, 33299.41370558375, 140.6300912402631, 150762.19162436549, 245.0933866133162
318015.0, 73614.07550761421, 201.97645520360342, 34369.136421319796, 163.92857918745963, 146692.94543147206, 243.4213651374198
319481.0, 73865.01776649746, 202.80011254029395, 34395.48984771574, 164.47893439900707, 153223.5907360406, 255.15797571008537
320803.0, 68027.42449238579, 186.79780083040725, 33253.625, 163.3667178080123, 146769.45875634515, 233.40311087402006
322160.0, 59834.91180203045, 154.21078992729846, 32136.336928934008, 151.1335433162504, 124659.6687817259, 200.12703844382952
323441.0, 66761.89403553298, 157.46084887447364, 33850.6173857868, 140.62375694621392, 133724.1478426396, 204.71759018710904
324897.0, 74052.17005076143, 209.66649427557172, 32823.07487309645, 186.7657413996585, 152523.04505076143, 264.63637577966546
326181.0, 71594.71510152286, 232.50086115707944, 32321.270304568527, 173.201430905046, 150253.31218274112, 267.0843592314807
327644.0, 63205.51776649747, 210.86697655948285, 32763.637690355325, 216.90121745289915, 149257.11104060916, 271.360510918061
329015.0, 68535.73540609138, 253.8326305726275, 32354.23159898477, 199.98754510897913, 146716.25063451775, 281.0406579977385
330240.0, 71938.8730964467, 236.32843745365136, 31523.66624365482, 206.9349960428357, 145294.50761421322, 268.70940526263416
331892.0, 67621.44606598985, 209.17351346057043, 30912.140228426397, 185.20524412178167, 143511.3959390863, 266.7108174909521
344914.0, 44248.34771573603, 187.84688135331206, 20138.16814720812, 176.5186899559897, 88948.59327411168, 211.48986833312603
346670.0, 43436.54949238579, 139.28748204939833, 19040.7576142132, 103.81672619876498, 89261.91687817259, 173.745487432789
348203.0, 38922.69606598985, 125.58284415198517, 20047.88197969543, 124.96810655013392, 84269.04949238578, 164.5084704162823
351706.0, 43647.420050761415, 141.93811890805452, 20614.962563451776, 104.63930394448288, 86897.32994923858, 166.2829196090825
356863.0, 40861.90228426397, 132.23971820657823, 18793.050126903552, 100.97999784350604, 85242.31852791877, 176.91039510228168
358506.0, 41785.68147208122, 142.4344583221063, 18672.77538071066, 113.98691137588624, 86866.4828680203, 179.09584102016083
359907.0, 39731.01078680203, 126.3369088080149, 19207.111675126904, 105.81551351109515, 82097.07994923858, 163.32270006183737
361708.0, 38552.38895939086, 140.80478305360916, 18018.506345177662, 123.57098455381151, 81294.76840101523, 205.4013559759857
500486.0, 67151.65545685281, 145.30101982883042, 30387.15926395939, 104.73573614523835, 143418.78934010153, 202.50601160144055
503106.0, 61906.34644670051, 138.98257382591268, 30134.343908629446, 106.08487637853862, 131414.21446700508, 191.98052482968035
504299.0, 63574.02791878173, 141.09673099265342, 30907.114847715733, 107.89795122344705, 116543.44796954315, 181.07540932357023
519396.0, 32937.081852791875, 102.12463593173253, 17308.996827411167, 89.24680047748478, 75593.10342639594, 148.7952852146349
527934.0, 36231.83756345177, 143.26411753425376, 17349.879441624365, 127.41388904061795, 75390.92703045686, 181.54885059492102
529477.0, 10977.40228426396, 138.58748335570058, 4675.01078680203, 98.9874612557978, 22803.465736040613, 163.93937297817044
531084.0, 42599.74555837563, 130.6864962035588, 19179.562182741116, 106.51250314301937, 84575.7652284264, 167.33298912874625
532439.0, 36386.6326142132, 120.6862296203761, 16435.768401015226, 97.11275923795294, 74067.05520304569, 157.74161936112898
534092.0, 40646.21256345177, 125.44738814912964, 18217.758248730963, 95.56092071461929, 83687.26459390862, 160.99445647040588
535709.0, 38791.831852791875, 120.13804684836619, 18364.288705583756, 98.8284353361741, 81375.94733502538, 159.50951484862657
537360.0, 37981.1230964467, 145.918902213118, 17803.112309644668, 133.66929154656128, 79336.00190355332, 182.54265693366696
655187.0, 19033.366751269037, 100.25652073301593, 8393.375, 77.35218300947396, 38656.70748730964, 122.18281930059894
656614.0, 7286.6110406091375, 67.24133330672048, 3570.103426395939, 56.47540449505444, 15849.048857868022, 90.5968860643127
657881.0, 49322.928299492385, 120.58693719154815, 23392.6383248731, 89.33745812701406, 104512.61865482235, 168.5124544873947
659482.0, 47953.93210659899, 116.50700249774597, 21497.70494923858, 83.24048716058961, 96241.32804568528, 163.3950841480862
660894.0, 75615.34771573605, 148.23865649093958, 33731.74048223351, 105.83207300891075, 152544.80774111673, 202.90748509796822
662457.0, 75420.26649746194, 153.6953922361326, 33922.23223350254, 112.37450437569944, 150374.27411167513, 205.40310358996123
664370.0, 73477.90609137056, 143.1752390957727, 33354.41243654823, 102.03076817844679, 151555.57550761424, 200.28576393233917
665639.0, 67255.230964467, 134.0492393605891, 33771.13388324873, 98.14986872914032, 148800.49175126903, 196.86764339631765
666884.0, 68110.16941624365, 139.1878710279074, 32203.95685279188, 102.03202167103558, 139842.51395939087, 193.45360435492867
668163.0, 65227.49238578681, 135.90522947344067, 32502.36230964467, 98.98652483581434, 146720.33439086296, 196.20989829262354
670703.0, 69776.69987309646, 141.53200613333377, 31711.203045685277, 102.457474131954, 143872.6319796954, 197.49607072945432
672079.0, 67569.55774111675, 139.66229072047815, 32523.640228426393, 102.62401023238444, 145851.72271573602, 197.23897371752724
673362.0, 73328.27474619288, 175.4009508632154, 32336.937182741116, 145.29251233641142, 145447.52284263962, 222.84050068125126
674503.0, 69863.02411167513, 151.79773435269163, 31327.376269035532, 115.53035704649471, 139843.644035533, 201.38860291774898
675819.0, 70093.97208121828, 190.53343503152317, 30962.934644670047, 152.61745530311916, 141356.58502538071, 230.72207885661734
676883.0, 67159.6307106599, 156.25703856155926, 30415.325507614216, 121.77399376779309, 136807.28172588834, 210.38166330397166
688728.0, 43419.44479695432, 119.97430957990485, 19625.999365482236, 73.05348108021627, 89485.90989847717, 150.82825722676924
690189.0, 45127.15228426396, 108.83377854528759, 20176.390228426397, 74.14548974614281, 88818.08375634518, 150.58760929305933
691558.0, 44519.91370558375, 112.97666242985463, 20027.05266497462, 80.9724101715966, 90813.52411167513, 156.06377932336835
693220.0, 44542.243020304566, 109.82315330762427, 20191.525380710664, 77.05653203539471, 89690.64403553298, 152.5444594701411
695153.0, 45242.90545685279, 113.17977539447888, 20178.781725888322, 79.7315945247402, 87695.80837563451, 153.45780988715117
696706.0, 46043.53616751269, 123.26555182034129, 20332.395939086295, 94.384168739976, 90593.90609137056, 160.9223102707576
698323.0, 45422.68147208121, 113.60546037051057, 20419.315989847717, 76.41579389513866, 91151.62182741117, 153.27888284708658
700071.0, 43551.640862944165, 110.06761675148792, 19617.17639593909, 75.2697397124804, 89840.47461928934, 154.56972544360121
702121.0, 41404.63832487309, 107.94602899151108, 19671.512055837564, 75.71958094705552, 90703.31852791877, 154.60049291574478
703724.0, 41287.46700507615, 111.70068567404422, 19292.92385786802, 80.36322485132246, 87690.30710659898, 153.87273534827844
705051.0, 43247.67512690355, 111.32108846298836, 19344.187182741116, 81.55979395759918, 85699.79314720811, 152.19923056140388
708212.0, 38663.94225888325, 106.61544959175242, 18867.991751269037, 79.00758480085553, 82811.90101522842, 150.76954406714768
709339.0, 40317.22969543147, 112.63057304730731, 17844.960025380708, 80.2878908862546, 78615.17131979695, 148.73069977277103
830651.0, 33590.11675126904, 93.3231495122907, 15075.727791878173, 63.65211211263808, 68190.5437817259, 132.3324070407215
839006.0, 33977.91878172589, 99.19076495750468, 14979.442258883248, 71.31983312008568, 68465.27982233503, 135.96595065894653
843905.0, 41122.83312182741, 105.82780956654285, 20827.54251269035, 78.01197535594117, 88021.27411167514, 151.297139284891
845266.0, 0.0, 0.0, 14784.264593908629, 69.13146403502125, 0.0, 0.0
847820.0, 37803.0964467005, 102.64551235392993, 17185.869923857867, 73.62834440500603, 75660.1116751269, 143.16404013535805
849109.0, 51307.2557106599, 117.88098364136822, 24194.20431472081, 83.82113360753861, 94937.44796954315, 157.30316297942198
850004.0, 39010.498730964464, 104.85454254510826, 17561.460659898476, 75.16713935576797, 78001.21002538071, 145.35972023640335
861349.0, 44905.83819796954, 107.90365653574166, 19403.662436548224, 71.34601172827088, 90752.9752538071, 151.8228730004967
862704.0, 43826.34708121828, 105.82572739620213, 19936.01967005076, 72.1996688687271, 91998.19416243654, 154.50340962807388
864244.0, 43172.06154822335, 105.03489180756945, 19465.031725888326, 71.36251026084751, 87109.82423857867, 148.73171870067205
866085.0, 0.0, 0.0, 13598.064086294418, 60.42644038770989, 88864.36040609138, 149.91663302790238
869228.0, 44129.1573604061, 107.12263077396052, 19246.2461928934, 71.05532348215407, 90604.09010152283, 153.42010400421566
870752.0, 41234.516497461926, 102.99937366216221, 19198.79568527919, 71.41867250630438, 86406.55076142133, 148.52194204126621
872190.0, 41516.94923857868, 103.60877209425257, 18623.11040609137, 77.34460566420326, 86924.17703045685, 149.93581854461038
873669.0, 38298.21637055838, 99.7556899361586, 18852.087563451776, 72.01461237686986, 84408.96890862944, 147.10043574055447
875659.0, 40228.090101522845, 103.91955443712511, 18218.16687817259, 72.38896472926108, 83079.30139593908, 147.15785639235014
877107.0, 38303.21446700508, 100.44175524082813, 18285.82043147208, 72.90838217002053, 82974.88388324875, 147.93420420174598
878554.0, 40578.534263959395, 104.89694251446883, 18057.357868020306, 74.09597173402032, 80546.9733502538, 145.0779319149085
880136.0, 39398.42068527919, 101.82032855508544, 17277.1230964467, 69.42025293458099, 80358.53362944162, 145.17767861177285
881222.0, 38445.47271573604, 103.32014219726706, 17160.914340101524, 71.94627843863192, 78236.02538071066, 143.11735598414228
882319.0, 35636.536167512684, 100.10100936003397, 17047.300126903552, 71.8844742418863, 74948.52411167513, 141.3261052653991
895143.0, 74465.39276649746, 154.72980532277177, 33879.05520304568, 117.4787071117914, 153550.4815989848, 211.16968947750678
896849.0, 74117.30266497463, 142.31192659818527, 33450.56916243655, 99.55951889836989, 150332.40989847714, 198.12930320240395
898585.0, 73571.77982233503, 145.24637933786508, 32452.297588832484, 100.65539514737942, 147942.25951776648, 199.26597021159748
899983.0, 76233.27284263959, 147.291269709686, 33972.22588832487, 103.14678201261039, 154130.28934010153, 202.63807363176562
901533.0, 73409.20177664976, 141.52786892687513, 33015.86104060914, 97.49114404952914, 149248.375, 198.37076980635933
902860.0, 69608.55901015228, 134.6465492585563, 32332.517131979694, 94.00350113908279, 147400.02982233505, 194.8682027851723
904150.0, 64392.32994923857, 130.2449650566287, 29903.99111675127, 91.13141140628088, 136228.03172588832, 187.9179308537043
905588.0, 62777.25888324874, 129.6247475650028, 29474.23159898477, 93.04394168969384, 134679.26586294416, 188.42727479206818
906803.0, 68368.34581218274, 136.7965719108626, 31342.08502538071, 97.21542113840373, 142445.3692893401, 193.2698958538785
908076.0, 70484.49365482235, 141.51459857696048, 31595.848984771572, 99.07458809976184, 145391.35342639592, 198.68840530069116
909317.0, 69448.59390862944, 137.20801144161356, 31217.196700507615, 95.10770053274129, 147499.1782994924, 199.06881247521528
910598.0, 72406.6211928934, 145.13439720065708, 32552.34010152284, 104.28396085452385, 147837.5, 202.37941661152092
911897.0, 70190.86421319797, 144.75457817328757, 31490.890862944165, 100.82812098541851, 140414.30139593908, 193.5232928343907
913221.0, 69247.44225888325, 143.36379651837788, 30343.517766497458, 98.24056671675592, 137171.30012690354, 192.18191172275087
999043.0, 7752.328680203045, 47.2071754732345, 3920.968908629442, 35.82594348918619, 17531.788705583756, 68.41867120704406
1001669.0, 19656.76649746193, 72.23872604849271, 9307.350888324872, 51.19838167253943, 42440.36294416243, 104.43230604072934
1009873.0, 56007.024111675135, 119.55949860791974, 25230.16116751269, 81.23659535467614, 115021.5361675127, 170.37598331796872
1012534.0, 68129.97588832487, 206.31073645292702, 33055.27220812182, 93.46769050413457, 145832.65418781727, 192.30376021403873
1013750.0, 71118.79441624365, 135.56066814718648, 32297.223984771575, 93.22988432878297, 145886.86040609135, 192.83359884902865
1014953.0, 21799.555203045682, 77.79966827550562, 9852.094543147208, 55.19438971406089, 42883.76015228427, 106.72496541898724
1017291.0, 13362.070431472079, 66.131036198291, 6538.243654822334, 50.05275764643707, 29889.966370558373, 92.08439105084445
1065422.0, 63212.66370558376, 129.22176708345296, 27819.574238578683, 87.6257664371894, 133025.26459390862, 186.44598343837265
1067056.0, 65622.98794416244, 129.62588775074357, 30211.078045685277, 89.61622085886313, 140639.12373096446, 189.86942349659816
1069065.0, 56213.623096446696, 120.10435733974448, 25293.54505076142, 81.17441144400856, 109611.01205583755, 166.6656536621628
1070934.0, 63663.970177664974, 128.30701726543674, 29019.054568527914, 88.51661339763304, 130827.89149746191, 182.77652690984132
1072388.0, 0.0, 0.0, 28812.376269035536, 86.3414131091971, 133472.88832487309, 183.7698053577841
1084446.0, 44616.743654822334, 107.68514153430169, 20507.519035532994, 74.42219582698063, 83251.17068527918, 145.81601850713153
1171698.0, 64216.45304568528, 138.54803694857586, 28679.6154822335, 101.17365303927629, 131140.19987309643, 189.99356195512857
1173237.0, 22934.09073604061, 135.3761179696524, 10076.319796954316, 103.07227975950869, 46502.34137055837, 156.83657402386646
1174549.0, 53247.69860406092, 123.54219196424309, 24027.386421319796, 91.52240146969217, 107359.89149746191, 169.8103051153647
1176070.0, 46712.05139593909, 110.78807014385868, 21471.564086294416, 77.48901145603706, 97788.23667512691, 158.541250769627
1177559.0, 62634.813451776645, 130.6964005383588, 27933.95621827411, 91.62422430591242, 124593.2557106599, 180.75030808650268
1179319.0, 74670.75, 143.51269235660197, 33550.78743654823, 100.49809080461552, 152078.5342639594, 200.25591208835004
1180903.0, 73568.03997461929, 138.44136027917727, 32647.682106598986, 93.814333409705, 147482.91624365485, 194.51888796827888
1182454.0, 69613.88705583756, 135.62466799020518, 28447.248730964468, 90.01171339276947, 138382.93654822334, 188.7039474432228
1183934.0, 57772.60152284265, 122.0453279514152, 25968.876903553304, 83.81361379535615, 117346.01649746193, 172.77762003483696
1185278.0, 63857.89022842639, 149.3005166192363, 28472.897208121827, 113.96363167834, 129694.80203045685, 197.26831924799416
1186928.0, 56131.28426395939, 121.18157583030887, 26950.534898477155, 85.05129216774144, 134408.47588832484, 209.4105191799288
1188372.0, 53821.20685279188, 117.85287465247175, 23710.617385786805, 79.85546078874093, 108646.06218274112, 166.1024767332207
1189802.0, 19399.21192893401, 76.56268470278505, 8763.534263959391, 56.902088939071724, 40087.15926395939, 105.24440538282944
1191043.0, 8899.056472081218, 58.09521213106706, 4083.263324873097, 47.62536765971722, 17872.28426395939, 75.1228004262031
1192171.0, 11267.246192893403, 59.49896022185901, 5762.607233502538, 45.375240052886355, 24880.299492385784, 84.4170904112243
1193227.0, 8966.47271573604, 55.739822543653816, 4306.227791878172, 44.15248163230556, 19300.697335025383, 75.57037608477066
1194254.0, 21382.0133248731, 78.26642048814665, 9589.486675126904, 55.453844498427124, 43073.16941624366, 107.15459737499408
1194696.0, 23541.035532994923, 81.61870260349141, 10505.033629441623, 57.9904565825043, 48486.258248730956, 113.91524460496137
1195198.0, 12782.534898477159, 64.64494159367773, 5655.463197969542, 50.88895348907629, 26667.766497461933, 88.7086049365461
1205531.0, 41041.50507614213, 116.47872764859684, 18235.864847715737, 89.68817428322645, 82512.20939086295, 154.42613383125195
1206842.0, 41517.043781725886, 113.36158802585578, 18275.15926395939, 85.96949681521157, 82510.9600253807, 151.78649077759525
1208203.0, 42033.42703045685, 118.08068602114533, 18644.678934010153, 94.0011548355642, 83826.56345177663, 156.5956449494374
1209530.0, 39716.873730964464, 137.1312871150496, 17929.91116751269, 126.29396140852438, 80798.52791878172, 179.44945731675543
1211072.0, 41000.39530456853, 121.25725807777874, 17864.178299492385, 92.10699679632961, 82264.83058375634, 159.096973115154
1212577.0, 40920.78743654822, 110.90944842796652, 18094.64847715736, 79.13718162313039, 81584.79631979697, 149.18876612719242
1214123.0, 41089.862944162436, 103.43617943156089, 18517.0095177665, 72.05304051648578, 82565.54314720813, 145.47737414465655
1215637.0, 41001.394035533, 107.0478957298468, 18525.149111675128, 75.98973863988229, 82774.1078680203, 147.63552310785113
1217026.0, 41672.40355329949, 113.33210980387688, 18096.545050761422, 80.98432529408969, 82888.21446700508, 152.1967264567017
1218379.0, 40571.90164974619, 108.14602635057518, 17813.704949238578, 76.69040922152585, 81080.27538071066, 146.81156079882717
1219785.0, 41199.55964467005, 106.10632707503548, 18112.397842639595, 73.35346375506059, 83414.97398477155, 147.6277924387435
1221130.0, 39562.04631979695, 104.36589489383141, 17731.786802030456, 72.10323775460286, 81973.57296954315, 146.00443035971244
1222852.0, 38486.04758883249, 106.51160353360694, 16852.307106598986, 76.4484126573069, 77992.48223350252, 145.957189482424
1224172.0, 38496.011421319796, 102.10501027862762, 17379.132614213195, 71.11249083330283, 77199.47588832487, 141.54125337265694
1224924.0, 37134.043781725886, 101.19229337300175, 16571.42639593909, 70.60966739177744, 75957.10342639594, 141.78677932064318
1225831.0, 37477.955583756346, 100.84384049541805, 16892.825507614216, 71.07853094394352, 76236.30393401015, 141.76117704052007
1226701.0, 36277.441624365485, 98.24276573830153, 16244.305203045682, 67.50184273825876, 75003.13769035533, 141.010034611384
1227211.0, 36157.443527918775, 100.9121164625918, 15773.58121827411, 71.24592128765431, 72657.70114213198, 139.2886079595024
1228075.0, 34047.631979695434, 98.84263846890696, 15524.701142131977, 73.43094087868464, 69552.97906091371, 137.6446315678374
1228509.0, 35286.626903553304, 101.31110496557622, 15423.81345177665, 71.7054097941625, 70187.50380710661, 136.8463891101217
1239327.0, 70001.71890862945, 133.8592838573693, 30689.20431472081, 89.55075979513204, 138666.67956852794, 187.57598725210966
1240854.0, 70572.0793147208, 136.2788129016228, 31375.177030456856, 93.52248653505916, 145414.2747461929, 195.05284358343619
1242611.0, 59776.97271573604, 124.58377529260629, 26442.84390862944, 84.5545042846644, 120172.44225888325, 175.1998378190348
1244280.0, 58405.892766497454, 122.05550480349163, 26620.246827411167, 83.27466438910402, 122566.83819796954, 176.5144014645397
1247616.0, 62521.20875634518, 126.14861161700999, 29047.83375634518, 87.79506824080715, 129886.90926395939, 182.14255141867685
1251534.0, 66239.20685279187, 130.13705408416055, 29721.616751269037, 88.50049449904948, 127215.89467005077, 179.59573890771568
1254214.0, 56527.634517766506, 119.9890191137996, 25117.40799492386, 80.86983911400067, 112052.97271573605, 168.25278354853276
1255487.0, 60611.326776649745, 124.87664293023862, 26498.43654822335, 83.10265057697025, 123273.73921319797, 176.82474325341218
1256785.0, 60343.419416243654, 124.96803721812893, 26938.090101522845, 85.07711431743728, 120969.50507614214, 175.56089771614714
1344367.0, 21294.013324873096, 83.68730761357855, 7378.568527918781, 254.4883844299166, 42709.010152284274, 110.58522368913889
1378628.0, 40310.24682741117, 113.8131013185602, 17760.566624365485, 84.09832135564012, 79834.84581218276, 151.3061691125125
1379956.0, 5740.072969543147, 181.38017554760333, 2728.383883248731, 41.02858737985176, 12100.909898477157, 65.82156766039901
1381326.0, 39825.983502538074, 102.13340539955647, 18356.225888324876, 71.76204335766163, 77288.7062182741, 140.76156902084116
1382824.0, 40325.40545685279, 102.31365283335207, 17772.91814720812, 69.03130805304242, 79961.1554568528, 142.99348118538404
1384384.0, 39849.71256345178, 101.76912404644361, 17790.136421319796, 69.9305911113345, 81145.16116751268, 144.38042498338115
1386638.0, 35351.7652284264, 95.47760166068979, 16340.321700507615, 65.78640246258469, 71848.84200507615, 135.11375326482258
1388016.0, 21974.839467005077, 75.83877457415213, 9719.05266497462, 51.96344285473218, 38066.330583756346, 98.92001620440071
1389407.0, 39545.80583756345, 100.70683365969161, 16917.133248730963, 67.14871763054735, 78462.50126903554, 140.97425096072845
1392145.0, 0.0, 0.0, 14285.77538071066, 62.68244001082277, 0.0, 0.0
1409740.0, 71607.84961928934, 141.9397500168378, 31601.628807106597, 101.56907358150183, 142956.97017766495, 195.89791540303307
1411389.0, 72965.07550761421, 145.24014491726064, 32934.93654822335, 106.66823349059351, 147613.62055837564, 199.76421527289313
1413349.0, 74382.76522842639, 138.2654304812557, 32346.553934010153, 92.4062909278253, 143511.69352791877, 191.0481615026824
1415290.0, 75907.4054568528, 140.36012420926957, 32169.337563451783, 91.56432948578137, 152754.60723350255, 197.81981664229662
1416948.0, 72358.1909898477, 135.52094122022228, 31094.694162436546, 89.58131980171815, 148442.50824873097, 193.7035784143158
1420868.0, 73268.55139593908, 136.32564427910512, 32095.04695431472, 90.97299750441489, 152035.34961928934, 196.83348604027526
1422102.0, 71201.09961928934, 134.34241013469995, 31995.468908629446, 90.75479609824359, 142652.56535532995, 189.51199086176567
1424833.0, 70731.28870558375, 133.86673814150583, 31216.651649746193, 89.75263787229952, 144923.0057106599, 191.4165935463895
1426226.0, 68659.8445431472, 131.92188560672443, 30959.89847715736, 89.3897722091705, 142652.80266497462, 189.9620066595599
1427515.0, 67801.33058375635, 131.14562021211435, 30663.5114213198, 88.97192380761983, 145596.6954314721, 193.5145913005002
1428820.0, 70102.1497461929, 134.42500157868676, 30540.742385786805, 90.13970445596652, 137987.82804568528, 187.1407022549216
1430083.0, 66468.6269035533, 130.65711922864517, 29521.48223350254, 88.10852759985761, 133519.05583756347, 184.13753478088077
1515976.0, 62872.06027918781, 126.4142840245532, 27717.15291878172, 84.84004886868708, 0.0, 0.0
1518874.0, 46489.798857868016, 109.02904513808171, 20851.618020304566, 73.83176218570787, 94358.76015228426, 154.6546857859102
1581129.0, 72691.85088832487, 138.20164920615136, 32279.536802030456, 94.82751179668755, 149936.3908629442, 197.65766866792166
1583023.0, 73965.68337563451, 141.98983813750425, 32872.3769035533, 100.33739610467727, 151490.81281725888, 201.39683140412728
1584898.0, 74075.125, 142.38005202899203, 32728.080583756346, 99.26827790852923, 150428.07614213196, 199.1848874561828
1587194.0, 75797.41751269036, 145.47215469957678, 32987.3464467005, 98.93331167367309, 150219.64276649745, 199.13769684774917
1589157.0, 78474.00634517765, 147.86923885398485, 34224.43083756345, 101.19790819435646, 157611.9397208122, 203.7647578572371
1590528.0, 74826.51522842639, 138.5636359899756, 32819.69098984772, 92.77355113014579, 148950.4352791878, 194.09963774472206
1591821.0, 72715.79631979697, 136.39052608406232, 32216.65609137056, 92.01188393049536, 144283.4505076142, 191.32769090463373
1593145.0, 71884.0323604061, 136.13415194347894, 32457.93083756345, 92.97930113066833, 127244.94543147208, 180.2656736774212
1594359.0, 67519.00634517767, 132.71698007458923, 31046.06916243655, 91.75547944028047, 140573.4606598985, 189.44117910710364
1595565.0, 71809.07170050761, 135.67457160270098, 31933.559010152287, 92.00272183579366, 138519.86230964467, 187.55745978496415
1596836.0, 72217.4923857868, 137.79215852844146, 32398.275380710656, 94.72546689947193, 145398.99365482235, 193.2911979470843
1598147.0, 71522.62626903554, 137.47198657065803, 29860.081218274114, 93.09497698048163, 141363.25063451775, 191.6804478919263
1599874.0, 71593.76967005077, 144.8193286841133, 31511.474619289336, 102.7720621352861, 143224.89720812184, 198.46033567077473
1601324.0, 72391.27855329947, 181.95646955876433, 32249.006345177662, 151.68086273653373, 141329.625, 224.63981285036687
1723145.0, 42665.71700507614, 109.23252513220378, 19223.176395939085, 78.23793556567973, 84323.24365482235, 149.19975622396555
1724544.0, 40380.27791878172, 104.68265579204164, 18452.871827411167, 74.57859181438012, 84618.03680203046, 148.69869091242177
1725877.0, 26169.66116751269, 186.61555517197556, 18846.21954314721, 74.41924411097733, 84247.24302030457, 148.28865466946138
1727221.0, 41485.90672588833, 106.23256540754971, 18950.24111675127, 75.7167982829444, 84358.45748730964, 148.2983017264245
1728790.0, 43126.42322335026, 110.11805734113157, 18757.693527918782, 76.49207393844044, 86192.31408629441, 151.1190324659911
1730279.0, 42806.85342639594, 109.44613590816229, 19110.373730964464, 78.31585978259415, 86038.1135786802, 152.41298766371224
1731643.0, 43009.87182741117, 113.16980472133308, 19345.65989847716, 85.55645880373687, 87076.60850253806, 154.62569236501506
1733087.0, 42649.13388324873, 107.23884060248601, 19344.405456852794, 76.08751796155502, 86918.4847715736, 150.6433616916431
1734375.0, 41007.29631979695, 106.3013539112028, 18786.984771573603, 75.14819182434812, 85231.9295685279, 149.96269457525244
1735652.0, 42449.21573604061, 107.10150267400948, 18574.95812182741, 73.94790352275893, 83931.63642131978, 147.95384746041802
1736963.0, 41837.69860406091, 106.65662521193765, 18150.84263959391, 72.41512714920613, 84412.8692893401, 148.25901237563724
1738223.0, 41933.358502538074, 109.7153066717073, 18763.500634517764, 76.41263917626412, 84741.36421319799, 149.595592750953
1739535.0, 40376.16560913705, 104.98243942372851, 18006.135152284263, 72.97305416534348, 81688.27728426395, 146.24433548600584
1740825.0, 38846.580583756346, 103.93072508152355, 17592.51586294416, 72.76233021534752, 79480.97208121828, 144.26736134328692
1741657.0, 38408.46256345177, 102.66681067535907, 17330.397208121827, 72.87595258604775, 79216.50253807107, 144.49643781414701
1742543.0, 38444.48540609137, 105.54053011560983, 17217.09961928934, 77.35325979734009, 78313.42893401014, 145.77506201623416
1743355.0, 35919.00063451777, 98.93797702063365, 16481.0095177665, 71.41702782227053, 75395.80837563451, 141.13050474249394
1743776.0, 36298.44733502538, 103.60649456882432, 16194.587563451776, 73.3377826365286, 75488.33439086296, 142.81211973858927
1744180.0, 35262.83883248731, 99.94432713788837, 15853.35152284264, 71.29639853199774, 72121.8807106599, 138.5880552780364
1744587.0, 35979.52918781726, 103.8389040603898, 16195.175761421318, 75.05972851264723, 73786.66116751268, 141.78988564768397
1744999.0, 35992.588832487316, 102.94987060678338, 16127.985406091371, 76.25897422297011, 71530.3692893401, 140.0187347761737
1745456.0, 35135.71002538071, 102.72240140882403, 15905.306472081218, 73.39926590407956, 72077.63388324872, 140.67629066276834
1895236.0, 43648.887055837564, 107.23596478280476, 19640.910532994923, 73.60042416670909, 88970.57804568528, 150.7458964003216
1896553.0, 43843.3807106599, 107.28770331623606, 19463.296319796955, 73.90027358719011, 90648.9562182741, 154.03880214411325
1897838.0, 43445.451776649745, 105.49086143084592, 19414.174492385784, 71.43044081802331, 88035.52538071066, 149.21451122120556
1981159.0, 37909.92449238579, 98.92399007347395, 18080.09200507614, 69.11735327610316, 82557.46890862944, 144.5588983454825
1982463.0, 36054.42893401015, 96.38784901253675, 16740.42639593909, 67.61605746238675, 74348.80266497462, 137.2577668329981
2154029.0, 38145.71763959391, 99.57223023457163, 18208.959390862947, 70.51817728051445, 82357.24936548222, 144.8921258295387
2155493.0, 41872.17131979696, 104.13930636134876, 19330.528553299497, 72.35722089957557, 85371.50761421322, 147.345517182024
2156915.0, 39685.0076142132, 102.13178587521013, 18967.07106598985, 71.26476025191171, 87211.19796954314, 149.25819134656803
2159890.0, 42815.31154822335, 104.99285989070961, 18662.343274111674, 70.5358702211968, 86927.03299492385, 149.54883349632277
2239882.0, 42358.857868020306, 107.27717443967134, 19069.0038071066, 75.56879041900814, 85483.49175126903, 149.47712246878712
2241269.0, 41316.64340101523, 105.42545661376738, 18652.628807106597, 73.5589261283485, 84970.39530456853, 149.0614134291437
2286602.0, 66044.88642131978, 158.3312447517045, 30916.201776649745, 127.82565402782467, 137888.20241116753, 207.36437470544973
2287867.0, 70877.3826142132, 152.5918969348624, 31119.066624365485, 111.72134464557415, 141486.14086294413, 202.11869538710252
2288993.0, 70535.79251269036, 151.41057918770065, 31892.317893401014, 117.13943608635826, 142707.34898477155, 204.71605932528314
2290320.0, 69285.3597715736, 139.84648493626622, 32276.7480964467, 104.725791034404, 141353.04060913707, 194.49498274991166
2291663.0, 73312.72208121826, 146.00570515435706, 32494.392766497458, 104.69683832077902, 144829.88134517768, 197.94370551585496
2373622.0, 71438.42576142133, 183.14578682387477, 31418.853426395937, 150.07760052981212, 146374.99302030454, 232.15325857695066
2374876.0, 70428.57043147208, 150.98214535710477, 32145.81725888325, 115.35560120904908, 145671.13324873097, 209.39657724101463
2376151.0, 72820.98540609138, 144.00873472962112, 33285.78172588832, 102.9748072420062, 148837.6681472081, 201.70569845881047
2377355.0, 73571.7937817259, 142.39118700658128, 33809.67576142133, 101.81864366827607, 152018.9409898477, 200.6531170962074
2378552.0, 71640.53172588832, 139.40697119511546, 33878.49555837563, 100.30697296710467, 152029.70304568528, 199.36766914397197
2495032.0, 0.0, 0.0, 17970.519670050766, 373.06867772660195, 83621.03109137056, 449.82208156801136
2496312.0, 41971.575507614216, 295.19199847440126, 18778.88197969543, 250.56796170299353, 85971.18845177664, 312.91462991895594
2497852.0, 42023.466370558366, 341.7404316356551, 18921.511421319796, 338.85815413995044, 86812.08185279187, 367.66846071940734
2545866.0, 71859.93337563451, 175.8762715726942, 31904.85532994924, 286.54594786284713, 151464.97969543148, 241.6199491060937
2547183.0, 69575.76967005077, 158.702647119325, 33710.33185279188, 131.61897483257658, 152802.65482233503, 219.32627778225864
2548401.0, 72502.98413705584, 166.20287733203762, 33215.38895939087, 134.80812665658198, 149650.22906091373, 220.07133491702888
2549675.0, 71113.25126903554, 166.1705196083228, 33372.66878172589, 135.4016110414141, 148199.02157360408, 217.54147132209027
2550993.0, 70025.4187817259, 158.5654393534572, 31568.276015228425, 117.1442253115071, 145750.9149746193, 216.3047654038391
2580879.0, 40388.28236040609, 144.6791848151734, 18940.515228426393, 131.18749024463267, 81418.51015228426, 181.50444048853058
2582170.0, 39671.41560913705, 127.61037449955953, 18475.795050761422, 102.8990129692796, 81624.62119289339, 171.6764169075432
2583440.0, 38633.016497461926, 117.01699311794509, 18451.744289340102, 96.62947704583314, 81949.97271573605, 158.90071842052495
2584710.0, 39075.16497461929, 112.78280291204162, 18732.84771573604, 93.7273848515083, 82150.43781725888, 159.24024170449835
2668346.0, 6549.973350253807, 190.2395293652129, 3211.553934010152, 104.82111616186648, 11793.791243654825, 114.25235558795278
2669881.0, 25613.262690355332, 134.6195163957297, 13151.111675126904, 137.39066586517802, 56051.858502538074, 160.97086001880783
2719145.0, 71596.00507614213, 185.5766064537702, 32992.197969543144, 165.9257970143056, 144986.63959390862, 232.0733341809887
2720340.0, 71464.68908629441, 205.40512120199466, 32559.96637055838, 180.29370452820643, 148020.22525380712, 249.4445362867895
2721555.0, 66975.08312182743, 231.97421780592305, 31633.943527918782, 140.88194132648883, 147588.41180203046, 325.00234317938725
2722820.0, 21606.84454314721, 213.08195959246356, 10177.945431472082, 190.43450747507478, 45946.485406091364, 222.15944060816602
2724090.0, 26311.480964467006, 193.6374593975757, 11090.115482233503, 232.92356452711903, 54744.79124365483, 233.96355509192188
2725529.0, 18251.091370558373, 185.65624578382648, 8016.615482233503, 219.2866481316859, 37550.97208121827, 362.6611097867165
2805793.0, 71298.44987309644, 206.90811762654127, 33214.261421319796, 193.03855075912801, 148199.8705583756, 280.70089224433536
2807040.0, 54048.27664974619, 294.360605135656, 26391.81472081218, 269.8851280319769, 115342.23540609136, 294.5416917429068
2808270.0, 70463.50824873097, 178.6446844923247, 32387.043781725893, 148.19140133851658, 142805.57423857867, 255.24055230222464
2809545.0, 69723.90799492385, 173.71714032921852, 31738.923857868023, 118.29888608177743, 147522.95431472082, 218.1576721342594
2810849.0, 65918.87055837564, 150.92860440504495, 33252.63769035533, 120.46899075241782, 150696.96637055837, 218.90816250137462
2812182.0, 65297.78616751269, 149.16815577557958, 31654.378807106597, 118.50422525391583, 149733.19035532995, 223.65110323233029
2813557.0, 59813.06154822335, 146.71654587350625, 32809.206852791875, 120.01239099738173, 147028.85659898477, 222.76830713741174
2816354.0, 67817.09073604061, 152.1087143179644, 32313.593274111674, 120.1286616700133, 146495.08058375632, 217.29780448678565
2820743.0, 59177.51967005076, 154.45418596056234, 32110.499365482232, 129.87995951957885, 142867.83502538071, 221.13958786771812
2824588.0, 71211.66687817259, 172.44688078559238, 32106.942893401014, 143.13054503344816, 141292.70494923857, 222.688391154278
2825865.0, 69004.64720812184, 171.4717569271113, 31861.878172588833, 139.79420423566717, 141504.78045685278, 225.37926848394045
2827420.0, 67523.94225888324, 179.2030621963944, 31543.09708121828, 155.1814330205967, 142191.62880710658, 227.14851172597335
2828714.0, 64478.31091370559, 154.57878440010612, 30918.348350253807, 128.17781350391556, 134751.7633248731, 204.83293220883857
2829950.0, 66929.83439086295, 196.20597198295, 30861.081218274114, 175.2682154260332, 138743.3318527919, 247.9395572230906
2830816.0, 66791.76586294416, 212.27816342821444, 31034.789340101524, 190.300676008112, 138936.7404822335, 259.2862818053434
2831605.0, 66740.70494923857, 401.6033724682503, 29460.521573604063, 312.6392744689877, 132257.36865482235, 368.41305869028395
2831890.0, 65469.27347715737, 214.28676050690973, 30874.061548223348, 180.71656280415104, 132518.99111675128, 241.30327107363053
2832729.0, 53716.84961928935, 251.35848280582283, 24795.69860406091, 241.40314832721972, 112768.72969543147, 307.9740671413084
2927668.0, 40741.45304568528, 285.9504278720388, 17729.121192893403, 263.6892096342013, 82143.32550761424, 333.328138916893
2929014.0, 40746.84771573604, 169.47825101820837, 18962.25507614213, 159.52914409923906, 82778.99619289339, 202.08988427666483
2930346.0, 41150.31598984772, 148.7519694064695, 18492.196700507615, 126.5321981366604, 84208.24111675128, 199.9526081298674
2978533.0, 72754.1135786802, 137.4535741197324, 33946.512055837564, 95.6294373369781, 152485.48794416245, 198.3512622833991
2979824.0, 72227.33375634518, 140.35070820623147, 32768.831852791875, 98.5001719183213, 148038.73794416242, 196.4795326054005
2981213.0, 75822.58185279187, 148.0027419438265, 33716.41053299492, 103.68986623639154, 147359.519035533, 200.10751509174432
2982443.0, 74659.54949238579, 152.1325082885179, 33827.965101522845, 110.89992948988406, 151785.5266497462, 206.9206760925858
2983708.0, 75650.34708121828, 149.20270179362552, 34544.0095177665, 107.3552391616059, 152188.72652284265, 204.70561130318802
2985202.0, 77067.51649746194, 164.58447865368078, 34587.674492385784, 124.04478735110732, 156426.38895939087, 212.67918288099116
2988092.0, 76798.81408629441, 154.46754045675138, 34061.769035533, 110.59616399711744, 155308.92322335026, 209.01831110854584
2989596.0, 0.0, 0.0, 33539.613578680204, 103.95450438928103, 144795.56218274112, 196.84249530807026
2992646.0, 65915.6383248731, 141.7649406335309, 33490.871192893406, 112.79270473191919, 146053.48159898477, 201.93612593174728
2993034.0, 70126.7633248731, 148.8739532336923, 32203.871827411167, 111.2821311931457, 140430.13134517765, 198.89286000333348
2993238.0, 70082.14340101523, 142.41429717061825, 31390.77538071066, 104.30833059699538, 132105.85532994923, 188.89242177465906
2994246.0, 67205.74619289339, 143.417520006317, 32251.88388324873, 103.66696168361999, 142339.11675126903, 199.67668746100153
2995548.0, 68935.91941624365, 141.62572473788035, 33018.72081218274, 105.80869882700453, 145496.08946700508, 197.59475458727556
2996816.0, 67912.31091370559, 157.36140979977085, 31922.274746192892, 124.790612880171, 142716.15799492385, 209.43866035625894
2998357.0, 69319.6687817259, 171.53794556889233, 32244.41878172589, 142.2437431576438, 142176.22779187816, 218.20189572454865
2999763.0, 47087.371192893406, 145.95246963469182, 22079.5076142132, 121.95736481391411, 99113.1554568528, 188.72174742761928
3001151.0, 33892.150380710664, 218.30156140528103, 14222.319162436546, 173.9622797335692, 69365.64530456853, 240.17687950013763
3002447.0, 66532.06027918782, 181.6547631268319, 29646.571065989843, 141.28007448238822, 132649.61104060913, 221.1471867996196
3003272.0, 69295.22652284264, 211.43474975607015, 30373.83756345177, 178.37372689885572, 136111.94416243653, 249.5843185862051
3004112.0, 52723.41180203045, 164.48548239467752, 23819.58375634518, 129.62459822223568, 103352.18781725888, 189.8833636572705
3004890.0, 49068.003172588826, 218.8349480162748, 21923.460025380715, 169.84958398705987, 98276.84390862944, 218.14430664592928
3013189.0, 40712.45812182741, 103.64910012124162, 17931.1345177665, 71.37251088555375, 80935.38007614213, 144.2653122318778
3014497.0, 41285.765862944165, 104.6782406863044, 18298.298223350255, 72.23686950298436, 79315.86675126903, 143.1090336469238
3016159.0, 40087.139593908636, 112.86634752861784, 18847.8864213198, 87.00323945777923, 83434.01015228426, 155.4025414636263
3064837.0, 73663.7024111675, 137.57362957582916, 33023.5076142132, 93.38436316917523, 149697.76776649748, 194.98868971763727
3066319.0, 74668.01332487311, 138.4997999665649, 33066.81916243655, 93.89165264878228, 151003.44606598985, 196.1445992846922
3067781.0, 75451.91497461929, 139.13867157278818, 32786.85152284264, 92.16213862485756, 151554.26205583755, 197.06255651420233
