-171099.0, 142.22271573604064, 36.03383210974005
33694.0, 940.7366751269036, 109.89452847742474
172395.0, 368.1878172588832, 74.07453095747528
191380.0, 718.5583756345176, 182.57213363580104
318015.0, 1309.697335025381, 174.22198313373448
319481.0, 2689.833121827411, 870.3751118656419
327644.0, 1470.6167512690354, 192.4634028437214
346670.0, 1719.7779187817252, 208.01742459518033
532439.0, 1984.895304568528, 106.00739540793711
535709.0, 2264.5145939086296, 105.11631728601859
655187.0, 1206.1027918781724, 103.20335119467268
657881.0, 3087.652284263959, 50.83305146622889
660894.0, 4575.728426395939, 74.22211261239389
662457.0, 4335.923857868021, 64.54626564976344
664370.0, 4029.9739847715737, 45.28075724236819
665639.0, 4552.159898477157, 46.837697096498374
666884.0, 4227.246192893401, 60.50872347083972
668163.0, 4428.491116751269, 52.29453117058073
670703.0, 4623.319162436548, 59.923458967983805
672079.0, 3963.247461928934, 48.56184177877465
673362.0, 4708.953680203045, 155.58685967096176
674503.0, 3977.1383248730967, 66.15237475113456
675819.0, 4009.154187817259, 113.75639092672586
676883.0, 4145.4670050761415, 88.14747121930691
688728.0, 2681.2753807106596, 29.949577403948798
690189.0, 2866.909898477157, 34.178236403197836
691558.0, 2992.930203045685, 61.923012534494184
693220.0, 2890.937817258883, 41.83344998720333
695153.0, 3170.732868020305, 54.500054261760596
696706.0, 2851.6180203045687, 56.71221813994367
698323.0, 2834.694162436548, 37.83618366124486
700071.0, 2903.8769035532996, 38.53017105131153
703724.0, 2726.8032994923856, 45.039215506142945
705051.0, 2764.9600253807102, 39.79655681340451
709339.0, 2928.578680203045, 103.39188573933028
830651.0, 2932.325507614213, 34.88702253504956
839006.0, 2897.515862944162, 39.187910758125525
843905.0, 4089.227791878173, 49.33131489346082
850004.0, 3342.2423857868016, 56.75825071352715
861349.0, 3812.5520304568527, 34.58122795922249
864244.0, 3800.58883248731, 34.470785989331354
866085.0, 3953.837563451776, 36.891905122720026
869228.0, 3989.2480964467004, 37.132798064568654
870752.0, 3850.846446700508, 35.42636648043479
872190.0, 3655.7709390862947, 40.53935015408227
873669.0, 3727.5501269035535, 59.072720152841285
875659.0, 3460.027918781726, 35.942063014044976
877107.0, 3473.0577411167515, 36.216328660330916
878554.0, 3733.9746192893404, 43.16445271337964
882319.0, 3394.1319796954313, 42.853543526367105
895143.0, 6728.381345177665, 90.64212732651859
896849.0, 6693.840101522843, 56.078698983755814
898585.0, 6587.815989847715, 61.398917956341634
899983.0, 7071.462563451777, 62.455756375967155
901533.0, 6556.578680203045, 56.35427674781974
902860.0, 6574.677030456853, 49.74057212653456
904150.0, 5922.425126903554, 71.89435448859749
905588.0, 5933.743654822336, 53.80923006977297
906803.0, 6501.505076142132, 59.174527146507835
908076.0, 6296.522208121827, 59.280764533670194
909317.0, 6546.706852791878, 56.01592064047424
910598.0, 6754.246827411167, 69.60355046731205
911897.0, 6360.331218274112, 62.118082716798725
913221.0, 6528.969543147208, 60.6896344388315
999043.0, 807.3217005076142, 22.701241604533628
1001669.0, 2012.9974619289342, 28.223714845480064
1009873.0, 5696.7918781725875, 41.61019907061002
1012534.0, 6819.709390862944, 46.63113039534542
1013750.0, 6846.250634517766, 48.12738423366283
1014953.0, 2300.035532994924, 35.04008974110688
1065422.0, 6733.227157360407, 51.59674182334297
1069065.0, 6112.022842639593, 43.371531900083376
1070934.0, 6837.574873096446, 48.439251581214464
1072388.0, 6852.828680203045, 44.47167700736369
1084446.0, 5041.784898477157, 41.43784114496523
1171698.0, 6801.270939086295, 67.835277098734
1173237.0, 2299.8286802030457, 83.92259737652768
1174549.0, 5793.691624365481, 57.5823765408096
1176070.0, 5403.520939086295, 44.98345243462916
1177559.0, 6480.680203045686, 51.47167249696231
1179319.0, 8092.470177664975, 61.78171072869058
1180903.0, 7808.223984771574, 50.22377736576928
1182454.0, 7601.146573604061, 53.37099239334288
1183934.0, 6481.552664974619, 45.490125252296586
1185278.0, 6771.575507614213, 84.243796945911
1186928.0, 6502.477157360407, 45.34943229842798
1188372.0, 6023.508248730965, 45.191162792130854
1191043.0, 905.6503807106599, 32.88161583123954
1192171.0, 1331.070431472081, 32.781292568369715
1193227.0, 996.4885786802031, 26.186106137740772
1194254.0, 2389.0659898477156, 36.013270460314715
1194696.0, 2504.0920050761424, 35.67467521464848
1195198.0, 1384.619923857868, 32.21838913551394
1205531.0, 4472.789340101523, 66.25346440633776
1206842.0, 4364.6548223350255, 58.4866215380201
1208203.0, 4727.822335025381, 84.8829666923191
1209530.0, 4578.92576142132, 124.96293766884975
1211072.0, 4557.35152284264, 73.38595894266231
1212577.0, 4528.730329949239, 55.82006171096706
1214123.0, 4551.576142131979, 40.159737310427666
1215637.0, 4619.312817258884, 45.361367391840055
1217026.0, 4159.140862944162, 50.36007214491071
1218379.0, 4268.884517766497, 46.05254449153432
1219785.0, 4611.354060913705, 46.99332174998949
1221130.0, 4307.560279187817, 42.606439645979826
1222852.0, 4394.283629441624, 56.20919702376436
1224172.0, 4461.41307106599, 46.437344941376786
1224924.0, 4546.410532994923, 53.32030377660461
1225831.0, 4442.663705583756, 54.30437225169801
1226701.0, 4049.234771573604, 39.15203217846502
1227211.0, 3871.7062182741115, 45.53923036815843
1228075.0, 4096.155456852792, 54.305416615322386
1228509.0, 3957.3769035532996, 53.57601380436072
1239327.0, 7845.683375634519, 49.91923873269172
1240854.0, 7721.056472081218, 52.4850301123557
1242611.0, 6668.301395939086, 48.446578225726476
1244280.0, 6631.864847715737, 43.95070905751397
1247616.0, 7077.008883248731, 45.2819192638197
1251534.0, 7747.692893401014, 48.67170644550365
1254214.0, 6479.927664974619, 43.72822524676706
1255487.0, 6898.345812182741, 45.901998019444555
1256785.0, 6923.642766497462, 47.86472376620132
1344367.0, 2401.415609137056, 46.53574723691602
1378628.0, 4380.586294416244, 70.02681978676739
1379956.0, 521.760152284264, 25.04323782635366
1381326.0, 4513.037436548223, 60.46587229583019
1382824.0, 4391.082487309644, 38.49415184310164
1384384.0, 4439.890862944162, 39.55588051874249
1386638.0, 3954.5989847715737, 35.21223466062175
1388016.0, 2516.0184010152284, 32.21967511097051
1389407.0, 4548.906091370559, 41.40020674067442
1392145.0, 3784.303299492386, 36.80640785211537
1409740.0, 9953.030456852792, 71.95853340645672
1411389.0, 7286.616751269036, 65.35347126900935
1413349.0, 7958.250634517766, 50.806566206984805
1415290.0, 7508.850888324874, 46.10693554319381
1416948.0, 7710.166243654823, 46.84932478820649
1422102.0, 7694.489847715736, 46.8907681078645
1424833.0, 7729.078045685279, 46.846194997753834
1426226.0, 7492.871827411168, 46.376101259899194
1427515.0, 7360.6389593908625, 45.920397472390825
1428820.0, 7275.757614213198, 48.30190429323821
1430083.0, 7284.618020304569, 47.94274413227099
1518874.0, 4586.484771573604, 37.24833270329848
1581129.0, 6917.379441624365, 51.16922873735615
1583023.0, 6730.996192893401, 52.87094475536294
1584898.0, 6848.3013959390855, 58.35411984964207
1587194.0, 7175.965736040609, 62.139775433652
1589157.0, 7485.1541878172575, 67.27144221869271
1590528.0, 6981.88769035533, 47.267043834066364
1591821.0, 6849.589467005077, 46.52328039050465
1593145.0, 6896.848984771574, 47.158080863161885
1594359.0, 6479.844543147208, 47.454253743127595
1595565.0, 6571.588197969543, 45.73364652991264
1596836.0, 7004.7017766497465, 52.61497284927019
1598147.0, 6770.292512690356, 54.27569235903585
1599874.0, 6736.207487309644, 75.26608953165523
1601324.0, 7095.704949238579, 147.34453546760844
1723145.0, 3323.9530456852794, 40.36235126012685
1724544.0, 3403.98730964467, 45.952778564332164
1725877.0, 3406.154187817259, 42.516328840943686
1727221.0, 3312.3331218274107, 40.719147290655876
1728790.0, 3374.484137055837, 46.503666924736095
1730279.0, 3226.0, 48.715894570025675
1731643.0, 3524.7861675126906, 53.91094880493524
1733087.0, 3365.5310913705584, 41.04818969949117
1734375.0, 3324.47461928934, 43.75698666169143
1735652.0, 3423.607233502538, 41.30134645379987
1736963.0, 3303.7017766497456, 42.08124486270079
1738223.0, 3272.6548223350255, 42.84743921970134
1739535.0, 3301.3914974619292, 40.91843688380389
1740825.0, 3383.2880710659897, 50.8780247733072
1741657.0, 3053.714467005076, 41.00152453623004
1742543.0, 3147.882614213198, 41.50412839693933
1743355.0, 2604.859137055838, 34.69017828936238
1743776.0, 2902.284898477157, 49.01386439673658
1744180.0, 3059.493654822335, 49.672052886627235
1744587.0, 3021.381345177665, 66.25535570116672
1744999.0, 2876.5767766497465, 48.94642161506017
1745456.0, 2590.6180203045687, 40.64754270249715
1895236.0, 3041.6008883248733, 38.04338155430333
1896553.0, 2814.8236040609136, 36.18425964015849
1897838.0, 2850.1364213197976, 31.16187897931658
1981159.0, 2288.543781725888, 28.77879793374153
1982463.0, 2255.103426395939, 41.053874969895574
2154029.0, 1859.7880710659897, 33.60268263744793
2155493.0, 1798.2544416243654, 32.90611913911457
2156915.0, 1719.019035532995, 30.234802989308474
2239882.0, 1418.0285532994926, 36.15683548196634
2241269.0, 1757.1522842639595, 37.97596658862368
2286602.0, 2263.6573604060914, 107.53216071088828
2287867.0, 2372.1269035532996, 78.6811653131767
2288993.0, 2057.463197969543, 65.7761181042924
2290320.0, 2411.2614213197967, 55.242045261064646
2291663.0, 2371.6110406091375, 56.43085797865273
2373622.0, 1692.6649746192893, 73.24205900573892
2377355.0, 2074.1116751269037, 41.494222443266054
2378552.0, 2140.6434010152284, 39.7278788200815
2496312.0, 877.751269035533, 88.26887043363459
2545866.0, 1916.7645939086294, 116.10210390289903
2547183.0, 2130.8749999999995, 148.8272423945463
2548401.0, 1460.2582487309646, 83.77599436829902
2549675.0, 2023.2493654822338, 99.98997979800046
2550993.0, 1683.8610406091368, 103.05477375788965
2583440.0, 1003.2322335025381, 65.91443031527066
2812182.0, 1287.3356598984774, 198.95196956476377
2816354.0, 1162.6694162436547, 79.06384279649797
2978533.0, 1112.847081218274, 35.256384419082195
2979824.0, 973.1288071065987, 51.23782768820748
2982443.0, 814.3134517766498, 153.63157915947846
2983708.0, 1149.173223350254, 47.72108388868644
2993034.0, 973.655456852792, 55.45911356716978
2993238.0, 819.7277918781724, 55.152120657971366
3064837.0, 879.2252538071066, 29.181593065610084
