18.521650562521756
1.4598530788982118
335.9156774164737
390.921910165552
310.62875564587546
6.060542524656315
0.0
1.7221873324263086
3.3009345814836553
2.6989408320842787
3.7612365310772886
1.5388144161811748
0.9693524449808874
0.735095218437088
0.35769719823749524
1.2682144147661707
2.5367178358046987
96.48141918272957
151.8968731952605
33.37754445977306
396.09548368810954
129.67121000402346
33.8466987420934
56.037429637632336
90.35982995112572
428.5620461691977
0.21218958460802254
2.4288712555693293
1801.412733291121
71.97593223525404
0.27213946106540204
0.5013056507543806
0.31061750526750853
1.9924547465018336
10.388307671528414
0.414986309654486
0.264692563392618
0.27310656163848135
0.37246842354828325
5.96686208288853
79.61714492672313
36.47617749625479
9.992400566762567
32.16446912176738
0.06611017989564455
32.42914013576145
30.90370486670286
82.8842905589363
10.41145168537893
36.83382351026782
21.818849600687216
52.015062183570734
0.0
0.19512558286989753
21.696387050994993
40.57786863242822
35.7748296999125
7.97697623258766
88.90405082947004
30.938379452427757
46.604719480669424
79.3602083838386
6.054932185394009
0.0
0.9391342113271556
11.411652629238535
0.264471307494326
0.10671987804596399
0.05452998085784947
33.9658830633173
38.785511950278014
0.19348305763803297
3.6871517604184065
22.522095608433375
4.925914425608779
4.778009030152426
0.0
2.2982854296088604
4.255292637458399
2.984012080451966
3.689025171831825
2.9020970383445746
0.049872603205347636
5.131674745216694
0.04983526121732177
0.061041317013106985
4.408538156233556
4.765329630941811
0.05492463926002503
4.649608472330127
6.898572565711532
0.040125103776925554
4.336003037947569
4.542382506497652
3.881626218223004
5.484424092278751
6.301720474651994
30.266699630354644
0.13748139228535955
4.551793725494404
0.03769609620330482
3.2887313487484846
22.2660144833671
14.584497188799526
4.8859352488809
3.2634623908977876
3.3546822420198925
3.2063429553187097
3.3689024611929743
3.1966350312229506
19.033531260113108
3.3557135228000714
3.3719899286080683
3.5313094958453095
4.311674259797398
19.96870084571448
4.620099507012049
4.955608857346656
0.05300030540860648
0.05106342649673423
0.064744649323723
0.05076602567349453
4.460997001891073
2.9588947685950053
3.0188461308618257
0.4090366478384408
3.8678716958420543
4.296476364647168
3.1097260277838585
4.304971513218997
0.0
3.487489275879272
2.145426875461396
1.847879122403313
2.3431776259919013
9.42989034409612
9.823480875659294
2.038238224486447
2.7420442101047873
1.564909132755471
0.0635560554006824
0.05342140031186472
3.470886690137758
0.0384409309775811
0.03875038548670159
2.307536853727926
0.0
2.4072986133666605
0.04245398696971967
2.691472133465848
2.4338744133060333
0.07560722064432916
0.03758660166754026
0.06206462997405716
0.05989329427530855
0.03859018261705835
0.03762534908315349
4.181056455013301
0.059137295981193515
0.03748184388598914
0.05845682810097226
0.03690217784544326
0.03696461141412295
0.039513120033158364
0.037546026320507124
0.037111444356785615
0.14677134340649006
3.695573389372872
0.08127290148336924
0.10563209386774203
0.04623820782589498
2.3825854790009466
2.5668525658631163
2.705874304777273
1.880231433914968
1.807241617541768
1.70099365024911
0.0
2.0872047121602124
2.7692616946953073
0.05349899946406446
4.257157150103069
3.2411506825584904
3.691803307812843
2.8603838522992615
2.798513940646562
0.03652062691251227
0.03742400997697501
2.354009590782191
0.412727407373306
1.6286158280591263
1.611449305246195
1.4885841240742932
1.7414022876338318
1.5345674844577963
2.49115897419982
2.313867187371623
6.537343865812201
2.6508780302012154
3.6008726358042704
4.0454693667555075
0.055769511097684986
0.07162358484499362
0.036618361402464356
2.374558710620119
2.517437658808632
2.8375045569021657
2.7686263839721383
2.482574260030759
3.663066628366598
0.03671874273448333
0.04964100612513797
0.06849720086857429
0.04049156218233651
0.037509947040794404
0.07633519814447812
0.03729199663151637
0.07063906494899996
0.04593710317086172
0.08476811293869554
0.03826778075452602
0.03751350010630153
0.06993399272872801
0.137268184363588
0.12161934845948766
0.061105223620577756
0.0382379936742029
0.03927197111697358
0.03782887565862626
0.08430331353925677
0.09842208483416072
0.04026284054331914
0.03867569067747701
0.057490083133354866
0.06800415554419305
6.177113544510705
6.3980275745752175
4.468989535143414
4.187968066685382
5.6318539695459435
8.408233643598411
6.774145607037127
38.57666209418463
39.505053013727306
12.005954248793977
10.626761458633998
0.20355278827119802
30.367368177784307
12.295554043398438
7.359081679608911
8.804277548726207
0.08013573823301431
32.45175032795744
36.435935293386656
5.810639489091387
5.698660307091236
2.054521679325842
0.1761262481582102
0.17523139093348464
12.894103628932628
13.273668116749347
13.357057025659005
13.519881181495965
16.138580114003886
0.9872189039536983
0.08799459896247415
13704.976323728542
15.517804554446373
1.184485259584683
24.95695667351911
1.0864313352128514
12.765828918168674
0.7115967200035855
39.28897359859851
0.6881939450587999
259.1243997798003
774.3955309048874
34.350524295872745
21.34397591247624
50.91390816203518
9.688252117949439
26.646529318897528
12.687405249513768
133.78575682352576
104.23024532990674
17.400015632650454
103.11884072210707
42.55925103536442
0.467750823417661
35.64758300763635
0.24960018551680552
0.5621100138218971
0.08137202123536066
1.3361106497218782
17.58347996103874
21.523729464672016
446.7728067846365
60.85392047726879
66.41000915530019
60.05003546927999
85.34212360741715
148.30123799395366
64.73259543035137
16.270495111175414
43.7248716155149
171.44825860022945
10.98057399458592
75.80601904068634
48.193916658405875
61.36714279104628
0.4749865711956365
0.7178558779210245
0.37056742823573596
93.28914740525181
0.6360346447325902
0.4263079858378728
265.50524932336384
0.7821391027242673
11.112786499634176
13.317754952463568
17.872034411069325
