-1.0
23.604996665041053
-1.0
22.569104732578108
-1.0
22.123554100204856
nan
-1.0
23.511755632535785
-1.0
-1.0
22.367536002934433
-1.0
-1.0
20.92786159607385
22.277339599344103
22.608770863955385
21.036455087646942
21.58026063105867
21.098271734306916
22.583693448164958
21.472259160958664
21.932334998291704
nan
20.88201025727985
22.509723465004296
21.554619278397553
22.52318922293722
-1.0
20.44697542674943
20.15405961380985
20.68614718532356
20.277841705552067
nan
24.15671462423288
20.5952092494654
20.058268181939955
20.110488727276064
20.570826577410873
20.469693111297442
20.790771680518297
20.015473865512636
20.240980019254167
19.891417750425834
nan
19.683417009448128
19.717288594860065
20.88728908806398
19.87863736292446
19.951133635557937
19.423141163844864
20.378442058038516
nan
21.125066533012145
19.85423508037344
19.536101099353395
19.402107973544826
nan
20.4300514589651
19.40799212469318
19.84096161170534
20.193514503965787
19.650062605227696
nan
nan
19.370840145806678
19.76216384400858
19.14208243751591
19.424545707940563
19.300544542931835
19.455197411050662
19.770951713555835
19.396625461554688
18.99842945017473
19.252262157891032
19.48660011580232
nan
19.19035743873099
19.27121129925199
19.320839616189737
19.26177266597031
19.397689411536785
19.17003581124516
19.470921825940323
19.451447088621126
19.027761190628503
19.325438841560842
19.286124086854127
19.238168535394394
19.283228886163325
19.072937671356932
19.323772140658544
19.243685585910335
19.23218773881692
19.162910300606526
nan
19.147646447677634
19.16378579651297
19.0455461062898
18.921441552443664
18.898741576893823
18.890472120444077
18.7002765792293
18.63911989594811
18.858737444373066
18.864624463838645
18.875043771664775
18.843505237881217
18.873319010794734
18.84533494677441
18.64371149477767
18.866404814162422
18.92894591994391
18.854872155066037
18.86650086737101
18.65291513398112
18.77286338658257
18.889672796331173
18.919364422075134
18.95041542360902
18.938311339585752
18.778079634210886
18.987804380680007
18.886134430852103
18.869874037813094
nan
18.843332857089493
18.88562955921664
18.89540799230527
18.905600290486905
nan
18.908103698084297
18.68059240593135
18.738418207489218
18.7433104957094
nan
18.429060719294576
18.60427612266282
18.69898456157978
18.6634588255385
18.750667307853583
18.563953405502247
18.607554943542784
18.760075337440203
18.79347646674965
18.682662039908536
nan
18.644024079725245
18.757286609946064
18.66617054988923
18.6895662886466
nan
18.804522553682432
18.652521189794665
18.71624821326201
18.692841725747357
18.688836592868142
18.65371598341658
18.680736148325337
18.843807753060922
18.499924357269197
18.692736619555774
18.774716035619473
18.648949323717343
18.62861331584783
18.63134345366806
18.435994034809884
18.620514283692007
18.4460816622245
nan
18.665215535852944
18.588516475988627
18.692085280195393
18.675139825383457
18.570880072541566
18.597896386383475
18.648298177326986
nan
18.590656423826218
18.61459047090806
18.672019712045525
18.64741872771268
18.6223911658406
18.643328822434704
18.71650276352001
18.554184457015516
18.451373627690472
18.845056622422224
18.67782301121939
nan
18.61324860348271
18.636569955397782
18.6211420469767
18.642878525057867
18.663331200611665
18.739805789833163
18.64523422669704
nan
18.773847073219756
18.861374798713523
18.929681350156475
18.92234712979667
18.71664159424149
18.87341803847356
18.786096319842525
18.784950655074923
18.84897531463736
18.788695446161416
18.8706049832481
18.86096076345643
18.890465689461475
18.786730549178536
18.83161622447708
18.983573678565055
19.087895327712484
18.82972040289911
19.09517395727288
18.97488108629613
19.18979851682345
19.007980536868075
19.120503082294857
19.108692836828368
18.964480293238005
nan
18.86278916195822
19.069961621893693
18.993818229738704
19.11683815217128
19.11754715860743
nan
18.859375226806122
19.06012174477717
19.14000993856634
18.938757812734988
18.94241560551167
19.1696107355602
19.269347263783644
19.13489669188379
19.363870170470648
19.437060438965094
19.583611019370217
19.694670177109703
19.516000297417897
19.515390704212408
19.95537133424889
19.6888711688378
nan
19.76003503623351
20.06069400635498
19.919309233692115
20.096757094424465
20.328917930567965
19.890366666487186
20.071298185013116
20.124173070455456
20.151199275417067
nan
21.068320134327042
20.807385646829648
20.276193510569545
20.033497739631997
20.609376207731152
20.27961324956439
20.381348963057878
21.354777671604353
19.879813722184114
25.794382018120718
20.41664881474803
20.89617952534321
19.541443154585235
nan
19.979366274550607
19.662568741257726
20.10073903416292
21.324174894084816
22.12686492269662
23.324597420941164
19.892122966255602
20.67779664320363
20.317482866144452
20.679470443332985
19.60259170916023
20.54763053288333
21.670692298771147
21.033210958690255
20.89251432464879
21.12338416696514
20.099732465126433
20.561570220876217
20.00900341914009
19.604715076827624
nan
20.376776136445738
21.8754698375121
20.93447685203185
21.032938146096523
22.754881155706247
20.677355404850925
20.666044534794715
20.57422361753253
20.99911654671087
21.4840255591472
20.54128398109061
21.150563071827463
20.171749995722074
21.290447260285944
20.79600690604036
20.81196581757854
20.272895571812896
20.143831909321552
19.877473644277423
nan
20.960698370541905
21.94850194789749
-1.0
20.622324801915756
21.5368133460286
20.60460047237594
21.04797352945112
21.01431841967761
20.9109964792105
