-313035.0
-311479.0
-309932.0
-197362.0
-195904.0
-194601.0
-172522.0
-171099.0
-164155.0
-162800.0
-161175.0
-159536.0
-152848.0
0.0
1763.0
3437.0
4981.0
30840.0
32234.0
33694.0
35217.0
36695.0
38116.0
40831.0
43713.0
50593.0
172395.0
173906.0
175349.0
177431.0
178952.0
180495.0
181962.0
182109.0
184059.0
185481.0
187337.0
189705.0
191380.0
309816.0
314917.0
316244.0
318015.0
319481.0
320803.0
322160.0
323441.0
324897.0
326181.0
327644.0
329015.0
330240.0
331892.0
344914.0
346670.0
348203.0
351706.0
355113.0
356863.0
358506.0
359907.0
361708.0
500486.0
503106.0
504299.0
519396.0
527934.0
531084.0
532439.0
534092.0
535709.0
537360.0
657881.0
659482.0
660894.0
662457.0
664370.0
665639.0
666884.0
668163.0
670703.0
672079.0
673362.0
674503.0
675819.0
676883.0
688728.0
690189.0
691558.0
693220.0
695153.0
696706.0
698323.0
700071.0
702121.0
703724.0
705051.0
708212.0
709339.0
830651.0
839006.0
843905.0
847820.0
849109.0
850004.0
861349.0
862704.0
864244.0
869228.0
870752.0
872190.0
873669.0
875659.0
877107.0
878554.0
880136.0
881222.0
882319.0
895143.0
896849.0
898585.0
899983.0
901533.0
902860.0
904150.0
905588.0
906803.0
908076.0
909317.0
910598.0
911897.0
913221.0
1009873.0
1012534.0
1013750.0
1065422.0
1067056.0
1069065.0
1070934.0
1072388.0
1171698.0
1174549.0
1176070.0
1177559.0
1179319.0
1180903.0
1182454.0
1183934.0
1185278.0
1186928.0
1188372.0
1205531.0
1206842.0
1208203.0
1209530.0
1211072.0
1212577.0
1214123.0
1215637.0
1217026.0
1218379.0
1219785.0
1221130.0
1222852.0
1224172.0
1224924.0
1225831.0
1226701.0
1227211.0
1228075.0
1228509.0
1239327.0
1240854.0
1242611.0
1244280.0
1247616.0
1251534.0
1254214.0
1255487.0
1256785.0
1378628.0
1381326.0
1382824.0
1384384.0
1386638.0
1389407.0
1409740.0
1411389.0
1413349.0
1415290.0
1416948.0
1422102.0
1424833.0
1426226.0
1427515.0
1428820.0
1430083.0
1515976.0
1518874.0
1581129.0
1583023.0
1584898.0
1587194.0
1589157.0
1590528.0
1591821.0
1593145.0
1594359.0
1595565.0
1596836.0
1598147.0
1599874.0
1601324.0
1723145.0
1724544.0
1725877.0
1727221.0
1728790.0
1730279.0
1731643.0
1733087.0
1734375.0
1735652.0
1736963.0
1738223.0
1739535.0
1740825.0
1741657.0
1742543.0
1743355.0
1743776.0
1744180.0
1744587.0
1744999.0
1745456.0
1895236.0
1896553.0
1897838.0
1981159.0
1982463.0
2154029.0
2155493.0
2156915.0
2159890.0
2239882.0
2241269.0
2286602.0
2287867.0
2288993.0
2290320.0
2291663.0
2373622.0
2374876.0
2376151.0
2377355.0
2378552.0
2495032.0
2496312.0
2497852.0
2545866.0
2547183.0
2548401.0
2549675.0
2550993.0
2580879.0
2582170.0
2583440.0
2584710.0
2669881.0
2719145.0
2720340.0
2721555.0
2724090.0
2805793.0
2807040.0
2808270.0
2809545.0
2810849.0
2812182.0
2813557.0
2816354.0
2820743.0
2824588.0
2825865.0
2827420.0
2828714.0
2829950.0
2830816.0
2831605.0
2831890.0
2832729.0
2927668.0
2929014.0
2930346.0
2978533.0
2979824.0
2981213.0
2982443.0
2983708.0
2985202.0
2988092.0
2989596.0
2992646.0
2993034.0
2993238.0
2994246.0
2995548.0
2996816.0
2998357.0
2999763.0
3001151.0
3002447.0
3003272.0
3004112.0
3004890.0
3013189.0
3014497.0
3016159.0
3064837.0
3066319.0
3067781.0
